0, 0, 0
5251, 31, 1
11739, 58, 2
12188, 58, 3
12639, 58, 4
13087, 58, 5
13534, 58, 6
13984, 58, 7
14430, 58, 8
14880, 58, 9
15329, 58, 10
0, 0, 0
5402, 84, 1
21447, 135, 2
21880, 135, 3
22314, 135, 4
22747, 135, 5
23183, 135, 6
23616, 135, 7
24051, 135, 8
24483, 135, 9
24913, 135, 10
0, 0, 0
1812, 143, 1
2259, 143, 2
2710, 143, 3
3158, 143, 4
3605, 143, 5
4056, 143, 6
4510, 143, 7
4960, 143, 8
5409, 143, 9
5864, 143, 10
0, 0, 0
7249, 181, 1
22290, 243, 2
22771, 243, 3
27340, 255, 4
27787, 255, 5
28236, 255, 6
28683, 255, 7
29127, 255, 8
29575, 255, 9
30024, 255, 10
0, 0, 0
3201, 20, 1
4560, 21, 2
5016, 21, 3
5472, 21, 4
5929, 21, 5
6387, 21, 6
6843, 21, 7
7299, 21, 8
7757, 21, 9
8219, 21, 10
0, 0, 0
808, 23, 1
1260, 23, 2
1712, 23, 3
2164, 23, 4
2615, 23, 5
3066, 23, 6
3520, 23, 7
3973, 23, 8
4429, 23, 9
4882, 23, 10
0, 0, 0
3755, 43, 1
4222, 43, 2
4688, 43, 3
5155, 43, 4
5620, 43, 5
6085, 43, 6
6550, 43, 7
7016, 43, 8
7479, 43, 9
7942, 43, 10
0, 0, 0
4418, 63, 1
8913, 79, 2
9376, 79, 3
9838, 79, 4
10299, 79, 5
14758, 86, 6
15215, 86, 7
25088, 99, 8
25533, 99, 9
25982, 99, 10
0, 0, 0
3732, 24, 1
5720, 28, 2
6164, 28, 3
6603, 28, 4
10192, 31, 5
10636, 31, 6
19894, 43, 7
20337, 43, 8
20777, 43, 9
21221, 43, 10
0, 0, 0
6595, 75, 1
7062, 75, 2
7528, 75, 3
7988, 75, 4
8442, 75, 5
8914, 75, 6
9385, 75, 7
9839, 75, 8
10295, 75, 9
10757, 75, 10
0, 0, 0
10315, 125, 1
10777, 125, 2
11239, 125, 3
11701, 125, 4
18235, 142, 5
18687, 142, 6
23554, 150, 7
24025, 150, 8
24491, 150, 9
24961, 150, 10
0, 0, 0
1830, 159, 1
2287, 159, 2
2747, 159, 3
3206, 159, 4
3660, 159, 5
4117, 159, 6
7830, 160, 7
8340, 160, 8
8849, 160, 9
9361, 160, 10
0, 0, 0
17522, 249, 1
17997, 249, 2
18465, 249, 3
18939, 249, 4
19411, 249, 5
19890, 249, 6
20360, 249, 7
20832, 249, 8
21301, 249, 9
21776, 249, 10
0, 0, 0
2661, 263, 1
12745, 311, 2
13208, 311, 3
13669, 311, 4
14133, 311, 5
14596, 311, 6
15057, 311, 7
15519, 311, 8
15983, 311, 9
16446, 311, 10
0, 0, 0
3499, 328, 1
3948, 328, 2
4399, 328, 3
4849, 328, 4
5302, 328, 5
5746, 328, 6
6183, 328, 7
6634, 328, 8
7086, 328, 9
7522, 328, 10
0, 0, 0
12704, 390, 1
13180, 390, 2
13664, 390, 3
14142, 390, 4
20955, 403, 5
21404, 403, 6
21858, 403, 7
22314, 403, 8
32254, 406, 9
32708, 406, 10
0, 0, 0
10643, 56, 1
16957, 83, 2
17411, 83, 3
17865, 83, 4
18313, 83, 5
18763, 83, 6
19212, 83, 7
19662, 83, 8
20109, 83, 9
20555, 83, 10
539, 84, 1
1033, 84, 2
1530, 84, 3
22797, 153, 4
23257, 153, 5
23712, 153, 6
24167, 153, 7
24623, 153, 8
25076, 153, 9
25530, 153, 10
1877, 160, 1
2379, 160, 2
2880, 160, 3
3386, 160, 4
3889, 160, 5
4389, 160, 6
4888, 160, 7
5395, 160, 8
5901, 160, 9
6402, 160, 10
582, 161, 1
1050, 161, 2
1515, 161, 3
1981, 161, 4
2445, 161, 5
2916, 161, 6
3381, 161, 7
3849, 161, 8
4314, 161, 9
4780, 161, 10
642, 162, 1
1138, 162, 2
1629, 162, 3
2117, 162, 4
2609, 162, 5
3109, 162, 6
3597, 162, 7
4089, 162, 8
4587, 162, 9
5076, 162, 10
3598, 180, 1
4050, 180, 2
4504, 180, 3
4956, 180, 4
5409, 180, 5
5863, 180, 6
6317, 180, 7
6773, 180, 8
7227, 180, 9
7679, 180, 10
0, 0, 0
6396, 33, 1
6829, 33, 2
7256, 33, 3
7683, 33, 4
8114, 33, 5
8539, 33, 6
13503, 42, 7
13933, 42, 8
14363, 42, 9
14795, 42, 10
0, 42, 0
12289, 101, 1
17818, 116, 2
18271, 116, 3
18726, 116, 4
19177, 116, 5
19631, 116, 6
20081, 116, 7
20535, 116, 8
20987, 116, 9
21437, 116, 10
0, 116, 0
22712, 235, 1
23196, 235, 2
23682, 235, 3
24168, 235, 4
24649, 235, 5
35477, 272, 6
35924, 272, 7
36369, 272, 8
36813, 272, 9
52110, 296, 10
0, 296, 0
18343, 391, 1
20293, 396, 2
20744, 396, 3
30294, 433, 4
30747, 433, 5
31201, 433, 6
31656, 433, 7
32107, 433, 8
32566, 433, 9
33016, 433, 10
0, 433, 0
2073, 442, 1
7561, 463, 2
8020, 463, 3
8474, 463, 4
8930, 463, 5
9384, 463, 6
9835, 463, 7
10287, 463, 8
10739, 463, 9
15474, 464, 10
0, 464, 0
11135, 525, 1
12276, 526, 2
21581, 563, 3
22027, 563, 4
22473, 563, 5
22917, 563, 6
23358, 563, 7
23799, 563, 8
33660, 587, 9
34093, 587, 10
0, 587, 0
4403, 612, 1
4868, 612, 2
5326, 612, 3
5786, 612, 4
6243, 612, 5
6702, 612, 6
7161, 612, 7
7623, 612, 8
8079, 612, 9
8542, 612, 10
0, 612, 0
2608, 624, 1
3037, 624, 2
3465, 624, 3
3894, 624, 4
20277, 676, 5
20727, 676, 6
21179, 676, 7
21631, 676, 8
22084, 676, 9
22535, 676, 10
0, 676, 0
442, 676, 1
896, 676, 2
1357, 676, 3
5927, 690, 4
6385, 690, 5
6837, 690, 6
7296, 690, 7
7751, 690, 8
8202, 690, 9
8663, 690, 10
0, 0, 0
1220, 6, 1
1675, 6, 2
2130, 6, 3
4478, 8, 4
4938, 8, 5
5396, 8, 6
5860, 8, 7
6326, 8, 8
6788, 8, 9
7257, 8, 10
0, 8, 0
38032, 211, 1
38482, 211, 2
38929, 211, 3
39373, 211, 4
39819, 211, 5
40263, 211, 6
40711, 211, 7
41157, 211, 8
41605, 211, 9
42055, 211, 10
0, 211, 0
9216, 253, 1
9670, 253, 2
11198, 254, 3
11647, 254, 4
12097, 254, 5
12544, 254, 6
12991, 254, 7
13442, 254, 8
13886, 254, 9
14336, 254, 10
0, 254, 0
4162, 275, 1
5392, 277, 2
5844, 277, 3
6291, 277, 4
6741, 277, 5
7195, 277, 6
7646, 277, 7
8097, 277, 8
8547, 277, 9
8996, 277, 10
0, 0, 0
1139, 6, 1
2263, 7, 2
2705, 7, 3
14176, 52, 4
14613, 52, 5
15050, 52, 6
15485, 52, 7
15916, 52, 8
16356, 52, 9
16791, 52, 10
0, 52, 0
1686, 59, 1
2140, 59, 2
2608, 59, 3
3058, 59, 4
3510, 59, 5
3972, 59, 6
4428, 59, 7
4883, 59, 8
5337, 59, 9
5794, 59, 10
0, 59, 0
4161, 78, 1
15985, 124, 2
16434, 124, 3
18207, 125, 4
21770, 127, 5
22224, 127, 6
29052, 138, 7
29500, 138, 8
29954, 138, 9
30406, 138, 10
0, 138, 0
2883, 152, 1
3330, 152, 2
3776, 152, 3
4215, 152, 4
4650, 152, 5
5095, 152, 6
5539, 152, 7
5990, 152, 8
6434, 152, 9
6878, 152, 10
0, 152, 0
2274, 164, 1
2706, 164, 2
3144, 164, 3
3573, 164, 4
3998, 164, 5
4431, 164, 6
4865, 164, 7
5298, 164, 8
5731, 164, 9
6160, 164, 10
0, 164, 0
13938, 225, 1
14400, 225, 2
14859, 225, 3
15315, 225, 4
15777, 225, 5
16236, 225, 6
16695, 225, 7
17152, 225, 8
21420, 226, 9
21878, 226, 10
0, 226, 0
11319, 284, 1
11772, 284, 2
12225, 284, 3
12679, 284, 4
13131, 284, 5
13585, 284, 6
14039, 284, 7
14494, 284, 8
14947, 284, 9
15402, 284, 10
0, 284, 0
6602, 319, 1
7041, 319, 2
14671, 343, 3
15143, 343, 4
15612, 343, 5
16085, 343, 6
16557, 343, 7
17028, 343, 8
17498, 343, 9
17967, 343, 10
0, 343, 0
0, 0, 0
3708, 22, 1
4174, 22, 2
4641, 22, 3
5107, 22, 4
5576, 22, 5
6044, 22, 6
6510, 22, 7
6976, 22, 8
7444, 22, 9
7911, 22, 10
0, 22, 0
21655, 125, 1
22119, 125, 2
22585, 125, 3
23055, 125, 4
23519, 125, 5
23983, 125, 6
24451, 125, 7
24918, 125, 8
25384, 125, 9
25849, 125, 10
0, 125, 0
9452, 172, 1
9903, 172, 2
10353, 172, 3
10811, 172, 4
11264, 172, 5
11717, 172, 6
12169, 172, 7
12623, 172, 8
13076, 172, 9
13529, 172, 10
0, 172, 0
8874, 217, 1
9363, 217, 2
9845, 217, 3
10331, 217, 4
10818, 217, 5
11295, 217, 6
11781, 217, 7
12268, 217, 8
12758, 217, 9
13245, 217, 10
0, 217, 0
3786, 235, 1
6981, 242, 2
12268, 250, 3
12718, 250, 4
13167, 250, 5
13615, 250, 6
14064, 250, 7
14515, 250, 8
14963, 250, 9
26927, 257, 10
0, 257, 0
0, 0, 0
5458, 27, 1
5920, 27, 2
6381, 27, 3
6842, 27, 4
7303, 27, 5
7763, 27, 6
8224, 27, 7
8682, 27, 8
9143, 27, 9
9604, 27, 10
0, 27, 0
4265, 48, 1
7556, 60, 2
8003, 60, 3
11316, 62, 4
21719, 84, 5
24976, 87, 6
25434, 87, 7
25896, 87, 8
26356, 87, 9
26825, 87, 10
0, 87, 0
