0, 0, 0, 0, 0, 0, 0
3111, 6586, 110922.322059713, 1109.22322059713, 91.893037069589, 1, 25.7722092074156
5395, 9408, 196856.620236073, 1968.56620236073, 95.1756146410853, 2, 45.8624696684256
8343, 11667, 310448.545613974, 3104.48545613974, 97.6983118849994, 3, 91.8101179041341
15245, 15584, 579007.452490777, 5790.07452490777, 98.3366337225589, 4, 144.415349677205
16414, 15898, 625181.015587348, 6251.81015587349, 98.8289890602973, 5, 194.679959922135
17618, 16195, 672761.958153751, 6727.61958153751, 98.8109688429158, 6, 207.42339546442
18229, 16346, 696904.935563896, 6969.04935563896, 98.7774139740313, 7, 206.78078594625
18750, 16465, 717508.967464097, 7175.08967464097, 98.8106877645105, 8, 221.335750229359
26673, 18108, 1031133.44168886, 10311.3344168886, 99.1144272844485, 9, 290.152816820145
36357, 19805, 1415114.12566327, 14151.1412566327, 99.2812159350142, 10, 370.20488866508
0, 0, 0, 0, 0, 0, 0
3638, 7594, 130323.460063409, 1303.23460063409, 92.0580518821998, 1, 18.6720817138627
7232, 11301, 266949.3190642, 2669.493190642, 95.9682210524384, 2, 54.5959854921699
8514, 12062, 316805.004323736, 3168.05004323736, 97.3939920872081, 3, 80.5151150203124
16345, 15625, 623403.262462884, 6234.03262462884, 97.7744793694465, 4, 117.097978208289
19986, 16651, 767119.885759093, 7671.19885759093, 98.6358711607754, 5, 212.449928100854
21656, 16999, 833180.256336842, 8331.80256336842, 99.1425303845481, 6, 265.21443797946
23339, 17358, 899757.264994632, 8997.57264994633, 99.0531399789452, 7, 253.795130190849
25172, 17711, 972395.657071259, 9723.95657071259, 99.1959990892174, 8, 293.593306565285
25712, 17813, 993803.305426802, 9938.03305426802, 98.9518413821243, 9, 294.167548234761
31403, 18922, 1219184.98128888, 12191.8498128888, 99.4066287552923, 10, 325.026694907099
0, 0, 0, 0, 0, 0, 0
4341, 8907, 155637.756575525, 1556.37756575525, 93.9182397157326, 1, 31.5643295401335
6769, 11198, 248400.422980785, 2484.00422980785, 96.8698628832026, 2, 69.8465447869897
10024, 13042, 375094.625361815, 3750.94625361815, 97.7633192064241, 3, 101.792663416564
15389, 15236, 585410.107760113, 5854.10107760113, 98.8596575649453, 4, 172.100111089945
19287, 16424, 739074.297175307, 7390.74297175307, 98.8486912803728, 5, 212.351232966781
21072, 16859, 809642.897680752, 8096.42897680752, 98.5266877115891, 6, 243.085293964222
21573, 16955, 829452.431688208, 8294.52431688208, 99.154225566871, 7, 260.044798369408
24478, 17555, 944508.124062028, 9445.08124062028, 99.0072320430354, 8, 264.473516999632
35855, 19775, 1395124.72989389, 13951.2472989389, 99.4841922211635, 9, 371.268018453121
36358, 19839, 1415112.72074734, 14151.1272074734, 99.2340897453578, 10, 348.589076898098
0, 0, 0, 0, 0, 0, 0
0, 0, 0, 0, 0, 0, 0
4065, 7981, 146262.322066017, 1462.62322066016, 93.4718893936276, 1, 26.1072722344473
7313, 11026, 270261.12891927, 2702.6112891927, 96.5928125485402, 2, 61.5607442989945
9655, 12595, 360987.632789183, 3609.87632789183, 97.8081601721051, 3, 94.3043246082216
12786, 14144, 483316.121369649, 4833.16121369649, 97.8240446730706, 4, 125.288344848156
17925, 16270, 684845.769623842, 6848.45769623842, 98.8442528466885, 5, 181.180463716984
22446, 17342, 863578.406893045, 8635.78406893045, 99.0051377278196, 6, 222.308109742738
24981, 17876, 963866.148231238, 9638.66148231238, 98.6645213877782, 7, 247.910632356405
25913, 18137, 1000642.93779356, 10006.4293779356, 98.9041765019301, 8, 205.480401968956
32733, 19481, 1270776.31184934, 12707.7631184934, 98.7306245177988, 9, 252.029740812778
38099, 20407, 1483470.13624007, 14834.7013624007, 98.7884334669634, 10, 292.15043955192
0, 0, 0, 0, 0, 0, 0
4471, 8656, 161197.291601434, 1611.97291601434, 93.989507707171, 1, 33.8131265617907
7524, 11676, 277504.853594791, 2775.04853594791, 96.0565856357666, 2, 64.8045316878334
11493, 13775, 432336.810803246, 4323.36810803246, 97.9865951541442, 3, 128.17981996417
15202, 15425, 577574.801976174, 5775.74801976174, 98.4126646311579, 4, 133.547514214516
18097, 16300, 691695.1380217, 6916.951380217, 98.6522434931248, 5, 188.609342502952
26735, 18647, 1032582.90129852, 10325.8290129852, 98.6501864522324, 6, 193.287930508032
27240, 18803, 1052496.78837632, 10524.9678837632, 98.6227589984246, 7, 217.959882254452
39026, 21684, 1517608.16426461, 15176.0816426461, 99.0787944099684, 8, 299.799509306327
43616, 22398, 1699743.32778743, 16997.4332778743, 99.0533622907096, 9, 395.720512242913
44129, 22512, 1720017.50850122, 17200.1750850122, 99.0650915714323, 10, 349.483275581598
0, 0, 0, 0, 0, 0, 0
4254, 8806, 152607.392214302, 1526.07392214302, 93.9013481250777, 1, 36.6060241620615
7795, 12117, 287959.06962654, 2879.5906962654, 96.5801724930479, 2, 71.9232795377076
10859, 13884, 407205.576155871, 4072.05576155871, 97.7176527603347, 3, 112.339934189469
13410, 15039, 506998.583833516, 5069.98583833516, 98.2009855226797, 4, 123.475998141915
19731, 17304, 755503.57434503, 7555.0357434503, 98.5455842527008, 5, 190.200371391773
23641, 18146, 910265.255007576, 9102.65255007576, 99.2220615923416, 6, 310.018073767424
24713, 18408, 952626.126551986, 9526.26126551986, 98.7359017954768, 7, 241.764310860634
25226, 18512, 972929.604569174, 9729.29604569174, 99.1350654501475, 8, 294.825029621869
25730, 18671, 992815.031527262, 9928.15031527262, 98.8343743054193, 9, 242.109978548884
26245, 18794, 1013174.52714819, 10131.7452714819, 98.6821732540793, 10, 222.49265124023
0, 0, 0, 0, 0, 0, 0
3680, 7859, 131453.258070711, 1314.53258070711, 93.2888267890737, 1, 32.1039504149184
7467, 11808, 275399.170546349, 2753.99170546349, 96.1541756917163, 2, 56.9482879556715
9440, 13130, 351835.946676187, 3518.35946676187, 97.6891450789944, 3, 103.670598910227
14917, 15644, 566151.007483624, 5661.51007483624, 98.2280224297565, 4, 145.139149920046
21524, 17831, 826205.982622497, 8262.05982622497, 98.7456213087598, 5, 217.706057303324
22894, 18171, 880280.025983263, 8802.80025983263, 98.6559773395948, 6, 197.202969350815
23429, 18300, 901433.684455518, 9014.33684455518, 98.9815450815113, 7, 208.423759343624
23967, 18452, 922652.335712232, 9226.52335712232, 98.2494607179997, 8, 162.469993875027
24479, 18579, 942903.049754892, 9429.03049754892, 98.7486299130305, 9, 196.169315971136
40699, 21678, 1585501.392065, 15855.01392065, 99.1676291669155, 10, 355.877559130192
0, 0, 0, 0, 0, 0, 0
0, 0, 0, 0, 0, 0, 0
3666, 7506, 131183.896186866, 1311.83896186866, 92.5240334593877, 1, 18.847567223534
8143, 11631, 302262.041135784, 3022.62041135784, 97.3799958922714, 2, 89.9609808085114
11295, 13534, 424801.781378027, 4248.01781378027, 98.2292399359867, 3, 104.052364938259
13824, 14680, 523810.575440533, 5238.10575440533, 97.5127202438935, 4, 124.660793412626
14348, 14880, 544403.305496015, 5444.03305496015, 98.1188750871643, 5, 135.172257347703
18459, 16163, 706311.205316246, 7063.11205316246, 98.4260209844642, 6, 179.676484627463
20268, 16716, 777619.635829773, 7776.19635829773, 98.5888447561119, 7, 196.896486858428
20776, 16844, 797686.215362709, 7976.86215362709, 98.669486930221, 8, 212.222761285156
42463, 21529, 1655632.13801743, 16556.3213801743, 99.6789895510665, 9, 372.248017730713
42998, 21593, 1676898.67854145, 16768.9867854145, 99.3837677748488, 10, 406.416875338554
0, 0, 0, 0, 0, 0, 0
4101, 8190, 147752.978643481, 1477.52978643481, 94.138085824698, 1, 35.0727264910936
5658, 9890, 206791.853332248, 2067.91853332248, 95.4421501445024, 2, 53.4534894831106
9985, 12778, 374330.962287642, 3743.30962287642, 97.6167443011705, 3, 92.2099885944277
13848, 14662, 525261.077482987, 5252.61077482987, 97.8662333391976, 4, 129.480980552435
17851, 15898, 682938.408624187, 6829.38408624187, 98.4649254206197, 5, 175.802652575597
19482, 16370, 747267.257406242, 7472.67257406242, 98.8731912950425, 6, 193.434417289272
21751, 17039, 836648.308967967, 8366.48308967967, 98.2340761694322, 7, 144.128989083767
22247, 17199, 856215.378520265, 8562.15378520265, 98.5340291332814, 8, 171.188865580559
22763, 17349, 876580.341213733, 8765.80341213733, 98.7892911417039, 9, 193.11285258323
23254, 17470, 895994.374560643, 8959.94374560643, 99.0739079888535, 10, 205.590950734615
0, 0, 0, 0, 0, 0, 0
0, 0, 0, 0, 0, 0, 0
3678, 7464, 131788.014442015, 1317.88014442015, 92.4666612765193, 1, 23.225516974777
8741, 12515, 324668.077757996, 3246.68077757996, 96.7473941918465, 2, 73.7073565403372
13738, 14961, 519898.781154688, 5198.98781154688, 98.5398475890606, 3, 143.309129512012
14260, 15160, 540383.253904149, 5403.83253904149, 98.0059655779596, 4, 150.440345575809
14767, 15296, 560413.269982237, 5604.13269982237, 98.7825948101281, 5, 178.991932780743
15297, 15497, 581234.542764746, 5812.34542764746, 98.4336107419058, 6, 158.852429072857
34657, 21188, 1344522.18089991, 13445.2218089991, 98.3733061409366, 7, 276.664875917435
35173, 21308, 1364915.09783317, 13649.1509783317, 98.7386862684798, 8, 248.217252106667
35678, 21378, 1384965.33923529, 13849.6533923529, 99.3203109049809, 9, 270.254781176671
36183, 21502, 1404913.83519035, 14049.1383519035, 98.881523404234, 10, 277.301848356128
0, 0, 0, 0, 0, 0, 0
3692, 7781, 132035.085201338, 1320.35085201338, 92.5576646552981, 1, 24.3716095856205
7904, 12316, 291842.921870928, 2918.42921870928, 96.6742582266775, 2, 75.5231828144938
11368, 14346, 426580.907562263, 4265.80907562263, 97.6037461948017, 3, 94.6937561346591
13368, 15251, 504917.60174223, 5049.1760174223, 98.4629850977663, 4, 144.554553827643
17215, 16381, 656656.346875418, 6566.56346875418, 98.4571217784287, 5, 169.126846642494
25110, 18750, 967897.509046953, 9678.97509046953, 98.999252331816, 6, 241.296421373487
25627, 18857, 988383.271549124, 9883.83271549124, 98.9970637494698, 7, 242.629361643791
30430, 19875, 1178516.33769682, 11785.1633769682, 99.0795327143369, 8, 260.165799950957
32582, 20291, 1263777.6739088, 12637.776739088, 98.8999023772776, 9, 283.243442850113
40887, 21713, 1592977.12944409, 15929.7712944409, 99.5835375284041, 10, 446.716960381269
0, 0, 0, 0, 0, 0, 0
4255, 9057, 151968.207571857, 1519.68207571857, 93.4498647673429, 1, 28.6334017753974
8547, 12822, 316515.524288971, 3165.15524288971, 96.8432751194391, 2, 70.6942833266407
11087, 14314, 415298.402851768, 4152.98402851768, 97.5025504945966, 3, 91.0414853560925
11588, 14531, 434923.779967591, 4349.23779967591, 97.9975690187139, 4, 121.041880075671
17654, 17064, 672749.903486058, 6727.49903486058, 98.6439521153643, 5, 166.434410189986
19542, 17559, 747325.302658536, 7473.25302658536, 98.5256946567079, 6, 200.976352269053
25477, 19051, 981528.605687223, 9815.28605687223, 98.8966993865743, 7, 236.651993088126
26004, 19136, 1002431.86172612, 10024.3186172612, 99.2617614482715, 8, 310.471583567858
26521, 19248, 1022893.53830782, 10228.9353830782, 98.7518252672253, 9, 249.82621203661
46283, 22795, 1805964.70813477, 18059.6470813477, 99.2351368531199, 10, 434.696372496784
0, 0, 0, 0, 0, 0, 0
4135, 8190, 149125.891774386, 1491.25891774386, 92.7761950602383, 1, 26.3149670963362
4683, 8804, 169859.13334519, 1698.5913334519, 94.6987123066558, 2, 36.5607874044776
11494, 13644, 433098.627938353, 4330.98627938353, 97.5603811110177, 3, 105.32311077863
13081, 14357, 495218.523003824, 4952.18523003824, 98.1797125191242, 4, 131.527684431076
15622, 15209, 595255.196920328, 5952.55196920328, 98.6077562061328, 5, 191.760051354319
17033, 15640, 650863.799808271, 6508.63799808271, 98.3933495073397, 6, 175.44642907083
27547, 18300, 1066230.24553297, 10662.3024553297, 99.2502064456039, 7, 266.67716945678
29616, 18620, 1148363.86192159, 11483.6386192159, 99.1714390209308, 8, 375.488815213442
30121, 18716, 1168397.58600301, 11683.9758600301, 99.2102506781375, 9, 365.480896515399
43344, 20928, 1692622.81532029, 16926.2281532029, 99.3887289952108, 10, 552.574150014818
0, 0, 0, 0, 0, 0, 0
4097, 8511, 146834.868992534, 1468.34868992534, 93.5030008872225, 1, 31.4101861709356
5026, 9509, 182060.685789265, 1820.60685789265, 94.8545406494291, 2, 48.4606891836599
11045, 14192, 414001.391421426, 4140.01391421426, 97.4249449399485, 3, 89.596211605221
13869, 15338, 524842.088680007, 5248.42088680007, 98.434985701032, 4, 145.073749469519
17589, 16709, 671000.855632335, 6710.00855632335, 98.5126634971057, 5, 185.332394832075
20963, 17774, 803847.372296412, 8038.47372296412, 98.299269438684, 6, 143.821473543048
29974, 20357, 1159200.28675305, 11592.0028675305, 99.040105760283, 7, 265.096052489728
30497, 20424, 1179967.87543008, 11799.6787543008, 99.2942983125158, 8, 349.591715171039
36703, 21509, 1425871.76177125, 14258.7176177125, 99.3757349152875, 9, 388.813774719238
37207, 21566, 1445909.59766421, 14459.0959766421, 99.3854913555824, 10, 399.105047569275
0, 0, 0, 0, 0, 0, 0
3420, 7123, 122476.940884132, 1224.76940884132, 92.4607630224527, 1, 23.6840811941028
6893, 10720, 254457.352368016, 2544.57352368016, 96.118246848509, 2, 61.9900185744464
10120, 12634, 379906.701770909, 3799.06701770909, 97.0764933411406, 3, 94.0422313135862
15031, 14650, 572537.611865494, 5725.37611865494, 98.2039490497118, 4, 115.428243061826
17754, 15542, 679756.086550962, 6797.56086550962, 98.0316973390063, 5, 161.116008480079
19527, 16084, 749636.217513822, 7496.36217513822, 98.6523566265032, 6, 158.863840222359
20044, 16223, 770046.043166146, 7700.46043166146, 98.8016303304212, 7, 193.036171920598
20538, 16341, 789586.529153649, 7895.86529153649, 99.0108685452124, 8, 227.550735791922
23137, 16916, 892435.278677098, 8924.35278677099, 98.7147447991374, 9, 263.447648934126
28071, 17687, 1088235.39748362, 10882.3539748362, 99.3380080064762, 10, 381.089060935974
0, 0, 0, 0, 0, 0, 0
3824, 7771, 137504.657061305, 1375.04657061305, 93.1978599741681, 1, 28.4996701421589
6519, 10392, 240257.013336234, 2402.57013336234, 95.7337363922597, 2, 59.1866077328473
10482, 12928, 393989.812569644, 3939.89812569644, 97.9853083709627, 3, 117.514924379438
12532, 13788, 474330.981661625, 4743.30981661625, 98.6798669377713, 4, 161.728047924042
16875, 15351, 645081.704064891, 6450.81704064891, 98.5485729546472, 5, 144.466447262913
19285, 16057, 740131.445541784, 7401.31445541784, 98.6309985562048, 6, 177.503050774634
25980, 17691, 1004669.69702175, 10046.6969702175, 98.9958729625505, 7, 281.176075667143
26500, 17844, 1025177.13026511, 10251.7713026511, 98.4381447477263, 8, 206.220012631565
32400, 19060, 1258735.90990828, 12587.3590990828, 99.2402350316952, 9, 307.777560688853
37181, 19802, 1448374.37603508, 14483.7437603508, 98.5147447919462, 10, 281.08325458765
0, 0, 0, 0, 0, 0, 0
2393, 5398, 84848.5938752107, 848.485938752107, 90.4716283597426, 1, 18.4733468637243
6366, 10104, 234477.080187298, 2344.77080187298, 95.7568018478528, 2, 41.8924733430892
9966, 12363, 374245.230631392, 3742.45230631392, 97.264221741967, 3, 89.193545897603
15019, 14396, 572557.096186593, 5725.57096186593, 98.5231733306491, 4, 170.534035081863
16599, 14880, 634830.063595548, 6348.30063595548, 98.4729765076563, 5, 175.202923154607
21013, 16304, 808590.274253406, 8085.90274253406, 98.4305878002569, 6, 191.482258539237
21535, 16390, 829297.312265582, 8292.97312265582, 99.0046517160163, 7, 242.143273267448
23939, 16876, 924484.559591386, 9244.84559591386, 98.921842460446, 8, 265.299841029048
24444, 16991, 944434.78952739, 9444.3478952739, 98.9122773087765, 9, 245.781768520623
24944, 17096, 964252.242879804, 9642.52242879804, 99.0960122034321, 10, 259.114306070805
0, 0, 0, 0, 0, 0, 0
3628, 7363, 130339.415373951, 1303.39415373951, 92.7850738643108, 1, 26.8774269428104
5066, 9104, 184493.557451852, 1844.93557451852, 95.152305922024, 2, 49.784568516016
10810, 12991, 406788.072457016, 4067.88072457016, 97.5076259255038, 3, 99.7297726726532
13977, 14349, 530903.852946177, 5309.03852946177, 98.3818283768742, 4, 150.859364578426
14477, 14485, 550642.781637538, 5506.42781637538, 98.8170581168688, 5, 171.440192321464
19124, 15732, 734092.248192951, 7340.92248192951, 98.6886900004747, 6, 225.309014264345
19648, 15878, 754778.119058568, 7547.78119058568, 98.5606672507902, 7, 203.848331711516
26255, 17452, 1015943.5786315, 10159.435786315, 99.3616601071881, 8, 312.503954540491
32081, 18528, 1246738.37842161, 12467.3837842161, 99.0941255782909, 9, 315.514011945724
32607, 18638, 1267578.97609, 12675.7897609, 99.0973205440114, 10, 316.728030320778
0, 0, 0, 0, 0, 0, 0
4073, 8063, 146799.935754545, 1467.99935754545, 93.9549917054549, 1, 28.9129387718812
6927, 10834, 255672.073685631, 2556.72073685631, 97.1200928481667, 2, 91.2749271196127
7682, 11297, 284981.000540826, 2849.81000540826, 96.9603840005029, 3, 74.6574171894044
17108, 15610, 653718.893038489, 6537.18893038489, 98.7350107833372, 4, 176.912646403536
19299, 16285, 740056.797827899, 7400.56797827899, 99.0820094181599, 5, 210.214069314599
20042, 16463, 769444.570213426, 7694.44570213426, 98.9211977720261, 6, 214.205508838892
24805, 17605, 957695.741022326, 9576.95741022326, 98.7227387559797, 7, 242.095781419016
28462, 18387, 1102370.43813251, 11023.7043813251, 98.7365600012599, 8, 250.836427674294
28975, 18506, 1122626.50392525, 11226.2650392525, 98.8636488150423, 9, 274.99167824477
29491, 18671, 1142962.57802573, 11429.6257802573, 98.3978791114314, 10, 214.681651511192
0, 0, 0, 0, 0, 0, 0
3353, 6986, 120178.557153583, 1201.78557153583, 92.6081831536069, 1, 24.073763468191
6601, 10437, 243426.066032652, 2434.26066032652, 96.4795059090106, 2, 62.9364176792651
11266, 13314, 424483.439719364, 4244.83439719364, 97.8929089052608, 3, 120.254152097255
14311, 14629, 543785.252943076, 5437.85252943076, 98.0881868269662, 4, 114.21489475403
18186, 15903, 696379.001156192, 6963.79001156192, 98.6176938846329, 5, 173.569015371203
20436, 16648, 784990.023476563, 7849.90023476563, 98.2613227786496, 6, 148.60201000005
22897, 17268, 882208.800888941, 8822.08800888941, 98.7629554464675, 7, 226.561646531969
23391, 17362, 901786.563042466, 9017.86563042466, 99.1403251853208, 8, 273.421239469945
23911, 17490, 922338.031118888, 9223.38031118888, 98.4804728879044, 9, 240.141651454568
24411, 17624, 942074.120760113, 9420.74120760113, 98.7962882355223, 10, 240.546295956112
0, 0, 0, 0, 0, 0, 0
3990, 7942, 143845.075933419, 1438.45075933419, 92.6348612159491, 1, 23.8673035781831
6402, 10457, 235401.240246043, 2354.01240246043, 95.5524109166859, 2, 52.9403631877527
9169, 12431, 342262.793523766, 3422.62793523766, 97.110994663276, 3, 79.7807569998875
9700, 12747, 362902.70257074, 3629.0270257074, 97.098072067723, 4, 88.1422626339644
19769, 16531, 758370.697286777, 7583.70697286777, 98.5527913717551, 5, 178.316577186361
23392, 17455, 901456.976978928, 9014.56976978928, 98.7511710630715, 6, 200.855697832108
24079, 17578, 928687.110862702, 9286.87110862702, 99.2213444459449, 7, 243.532068274617
24613, 17684, 949845.17294855, 9498.45172948551, 98.8589315683766, 8, 225.203997286856
25134, 17802, 970424.635538761, 9704.24635538761, 98.9009765446554, 9, 208.316169445515
42348, 21480, 1651661.82853695, 16516.6182853695, 99.0248878926777, 10, 315.750975117236
0, 0, 0, 0, 0, 0, 0
2885, 6310, 102811.52563652, 1028.1152563652, 91.9957958286627, 1, 24.0850047130883
7595, 11223, 281670.375143208, 2816.70375143208, 97.0200016950071, 2, 74.8548490053415
11498, 13422, 433650.984967701, 4336.50984967701, 97.3316079841179, 3, 91.8373412624747
15935, 15207, 607684.667351514, 6076.84667351514, 97.9108176539094, 4, 124.206921898127
16480, 15350, 629215.121476609, 6292.15121476609, 98.8379428365452, 5, 184.124205382764
20184, 16379, 775318.934465576, 7753.18934465576, 98.3533343990148, 6, 186.605792057514
29950, 18645, 1161442.4844553, 11614.424844553, 98.9852971956516, 7, 267.763555836678
30454, 18714, 1181466.34275746, 11814.6634275746, 99.5263837821039, 8, 356.594114274979
30952, 18782, 1201222.75946219, 12012.2275946219, 99.3543549061196, 9, 366.441694276929
31463, 18912, 1221422.93195684, 12214.2293195684, 98.9500117012485, 10, 319.056389209479
0, 0, 0, 0, 0, 0, 0
4081, 8032, 147228.070798483, 1472.28070798483, 93.7239364845307, 1, 27.551753959693
6384, 10539, 234556.057329234, 2345.56057329234, 95.3772686941552, 2, 48.5525780440867
10142, 12987, 380177.280067973, 3801.77280067973, 97.5393088534101, 3, 94.6347191871703
10661, 13204, 400507.799587499, 4005.07799587499, 97.9369941383975, 4, 111.270836007595
16451, 15689, 627423.393112987, 6274.23393112987, 98.7653935642911, 5, 159.580349946767
21271, 17018, 817633.565539539, 8176.33565539539, 99.1971802341568, 6, 296.590957232863
28465, 18711, 1102064.01030974, 11020.6401030974, 99.3197441573066, 7, 315.493394310474
28987, 18778, 1122806.31044679, 11228.0631044679, 99.280264661611, 8, 321.067372540236
29480, 18824, 1142415.82939985, 11424.1582939985, 99.3131906852868, 9, 396.954637060165
37054, 20609, 1441664.26925061, 14416.6426925061, 99.2764263146, 10, 374.321265854836
0, 0, 0, 0, 0, 0, 0
4058, 8177, 145924.242354363, 1459.24242354363, 93.618919593282, 1, 31.6537613652647
6726, 10988, 247229.869099703, 2472.29869099703, 96.5654513948411, 2, 62.552977937609
10367, 13251, 388525.7390798, 3885.257390798, 97.5689431396872, 3, 107.053447289281
10912, 13505, 409837.544814404, 4098.37544814404, 97.6742236277091, 4, 124.541136068404
20406, 16958, 783062.536788337, 7830.62536788337, 98.8368399038909, 5, 212.732386257648
23789, 17879, 916616.562753275, 9166.16562753275, 98.4703198483203, 6, 184.113171035983
30147, 19430, 1167984.96632866, 11679.8496632866, 99.069260299877, 7, 298.044940018654
30661, 19542, 1188315.3594217, 11883.153594217, 98.8920946418493, 8, 280.862064958811
32797, 19909, 1273051.24543393, 12730.5124543393, 99.2422142627838, 9, 291.120445322394
45730, 22382, 1785323.44633474, 17853.2344633474, 99.266829341017, 10, 432.088591108322
0, 0, 0, 0, 0, 0, 0
0, 100, 0, 0, 0, 1, 0
7649, 11051, 284312.893625624, 2843.12893625624, 96.202106767073, 2, 66.640431630984
8455, 11511, 315668.473516952, 3156.68473516952, 96.8179732738804, 3, 67.7983728524298
13801, 13914, 524895.718724996, 5248.95718724996, 98.2861278563742, 4, 140.71760439992
14340, 14033, 546226.089717235, 5462.26089717235, 99.0442793052271, 5, 200.106113505065
15875, 14516, 606674.529322349, 6066.74529322349, 98.7608983781565, 6, 195.244786684662
26982, 17368, 1045350.71464002, 10453.5071464002, 99.1361029064647, 7, 269.433782594204
30854, 18142, 1198731.41781386, 11987.3141781386, 99.1095392530042, 8, 258.377396705151
31385, 18229, 1219776.80448542, 12197.7680448542, 99.0305287305637, 9, 294.73352042973
31907, 18298, 1240508.55432273, 12405.0855432273, 99.2355741538104, 10, 284.798006391525
0, 0, 0, 0, 0, 0, 0
3820, 7789, 137344.558205552, 1373.44558205552, 93.1884708966686, 1, 33.6811279887334
6630, 10734, 244121.256714083, 2441.21256714083, 95.8633205133306, 2, 52.2214161248505
10088, 12816, 378507.996428296, 3785.07996428296, 96.8551047137007, 3, 85.8686833300441
10614, 13025, 399144.743853506, 3991.44743853506, 98.201792708971, 4, 124.060231714696
11773, 13531, 444537.554194041, 4445.37554194041, 98.2127971699838, 5, 133.529653794765
17482, 15281, 669540.366185822, 6695.40366185822, 98.5944112351535, 6, 184.931819686666
24833, 17073, 960019.200302962, 9600.19200302962, 98.9157897415753, 7, 263.678532519043
25830, 17293, 999462.662251037, 9994.62662251037, 98.8386579859998, 8, 234.254665663242
28253, 17713, 1095539.21495194, 10955.3921495194, 99.194636635295, 9, 321.685647883378
28738, 17786, 1114784.45442891, 11147.8445442892, 99.4737595182669, 10, 349.873269541264
0, 0, 0, 0, 0, 0, 0
0, 100, 0, 0, 0, 1, 0
6527, 10935, 239514.34222082, 2395.1434222082, 96.2690302455053, 2, 63.1741404060274
10227, 13118, 383294.816159394, 3832.94816159394, 97.5563782094046, 3, 97.9831730289012
12572, 14186, 475048.30662626, 4750.4830662626, 97.6969237164785, 4, 111.45321231693
17625, 15715, 674193.84925567, 6741.9384925567, 98.6179918763037, 5, 179.576559700668
23189, 17190, 893823.055773586, 8938.23055773586, 99.0097791493299, 6, 234.756610254943
23689, 17309, 913576.402243771, 9135.76402243771, 98.5586161914835, 7, 217.966697196066
24221, 17432, 934612.967313185, 9346.12967313185, 98.6647292711223, 8, 224.154853892326
35035, 19671, 1362690.26374659, 13626.9026374659, 99.2181107835477, 9, 428.59140378952
45397, 21440, 1773503.91624958, 17735.0391624958, 99.5040507531157, 10, 546.144518369436
0, 0, 0, 0, 0, 0, 0
4379, 8684, 157963.690815978, 1579.63690815978, 93.1357821443305, 1, 29.6724023939297
8429, 12153, 313426.901960086, 3134.26901960086, 97.3369238688051, 2, 74.5577817338705
10032, 13083, 375798.381164078, 3757.98381164078, 97.8563026337697, 3, 106.700253239274
14905, 15052, 566935.540770292, 5669.35540770292, 98.3256158636514, 4, 144.263712446317
15775, 15388, 601090.356274001, 6010.90356274001, 98.2148138504481, 5, 124.349396106116
22106, 17265, 850758.416975044, 8507.58416975044, 99.0541635733844, 6, 245.045823149681
25641, 18083, 990563.612791061, 9905.63612791061, 98.7486306183055, 7, 236.048569179177
26140, 18164, 1010374.48883099, 10103.7448883099, 98.8977798101314, 8, 275.319040191174
26659, 18279, 1030903.08162943, 10309.0308162943, 99.0769494559245, 9, 290.87664659366
27173, 18396, 1051232.208701, 10512.32208701, 98.7578760657452, 10, 245.987581558824
0, 0, 0, 0, 0, 0, 0
3341, 7096, 119478.874449633, 1194.78874449633, 92.6877228223905, 1, 22.7395517879724
7392, 11238, 273482.522404041, 2734.82522404041, 96.6258627165107, 2, 57.5235635170341
9340, 12522, 349048.907540314, 3490.48907540314, 96.1953045490013, 3, 61.5376052001119
15705, 15396, 598233.312583242, 5982.33312583242, 98.5148392219835, 4, 143.613818978518
20697, 16913, 794954.067251734, 7949.54067251734, 98.7411330644791, 5, 182.3177724782
22530, 17422, 867243.990124911, 8672.43990124911, 98.9478102086105, 6, 210.421838121414
23053, 17555, 887913.593308531, 8879.13593308531, 98.8115455225106, 7, 214.973497538567
23570, 17694, 908305.968614697, 9083.05968614697, 98.7520872075111, 8, 190.856342254877
30114, 18983, 1167492.04878932, 11674.9204878932, 98.6550418156748, 9, 292.630674684346
30603, 19082, 1186869.22652358, 11868.6922652358, 99.2039074112854, 10, 298.155211321935
0, 0, 0, 0, 0, 0, 0
4199, 8149, 151817.576958112, 1518.17576958112, 93.4198733454571, 1, 25.2896063751727
7513, 10986, 278959.707409531, 2789.59707409531, 96.90399400156, 2, 73.7652773576975
11803, 13472, 445883.172194961, 4458.83172194961, 97.6289457127823, 3, 99.043676520586
15554, 15044, 592858.983580276, 5928.58983580276, 98.775264099464, 4, 169.355282049179
16415, 15302, 626805.630598474, 6268.05630598474, 98.921985979825, 5, 173.03176650703
16944, 15477, 647640.63023667, 6476.4063023667, 98.5626351741703, 6, 186.719378243424
22646, 17055, 872598.664302744, 8725.98664302744, 98.9171158897516, 7, 214.780743055344
23546, 17325, 908123.078730404, 9081.23078730404, 98.6962219044563, 8, 207.365541240424
24066, 17497, 928607.567809481, 9286.07567809481, 98.5228198739132, 9, 171.525884577036
24599, 17640, 949653.44099357, 9496.5344099357, 98.8199942223728, 10, 201.768681019545
0, 0, 0, 0, 0, 0, 0
2764, 5990, 98649.7595359869, 986.497595359869, 91.6698893505708, 1, 21.8131374580041
6221, 10044, 229065.260509703, 2290.65260509703, 96.7566924640537, 2, 74.0067992213368
9454, 12041, 354633.668844972, 3546.33668844972, 97.9502491500598, 3, 114.817545150518
14788, 14118, 564084.16718068, 5640.8416718068, 98.3742390576381, 4, 135.563873692304
17544, 14875, 672879.615167331, 6728.79615167331, 98.5021312282242, 5, 161.286746811867
23580, 16394, 911314.654092651, 9113.14654092651, 99.0641123889018, 6, 268.168942115642
24902, 16663, 963664.875743154, 9636.64875743155, 99.0825315746661, 7, 262.571167593561
29616, 17732, 1150127.49375419, 11501.2749375419, 98.6875754424182, 8, 193.990360521041
36692, 18933, 1430684.77763028, 14306.8477763028, 99.2388391712302, 9, 370.066375763044
37212, 18999, 1451344.85716158, 14513.4485716158, 99.4151091782751, 10, 410.75044287011
0, 0, 0, 0, 0, 0, 0
3664, 7630, 131270.933631107, 1312.70933631107, 92.7670281459764, 1, 20.3834217904508
5168, 9490, 187766.937533252, 1877.66937533252, 94.0632886494695, 2, 27.5968717047945
8890, 12421, 330917.868581075, 3309.17868581075, 97.8357088544963, 3, 101.64511064969
10200, 13145, 381928.709062699, 3819.28709062699, 97.8147771280633, 4, 115.474957682826
10748, 13372, 403421.34037761, 4034.2134037761, 97.8137085026506, 5, 108.621066161767
23404, 17207, 902276.985984836, 9022.76985984836, 98.9193449810518, 6, 221.775071674511
25641, 17710, 990732.827434916, 9907.32827434916, 99.1253362450752, 7, 230.217653217316
26163, 17810, 1011418.97340522, 10114.1897340522, 99.0435613596437, 8, 250.347708444595
26694, 17901, 1032478.4581773, 10324.784581773, 99.1635692276432, 9, 281.484393401146
27177, 17981, 1051618.75269879, 10516.1875269879, 99.1023071983454, 10, 293.483074812889
0, 0, 0, 0, 0, 0, 0
4012, 8007, 144536.889798485, 1445.36889798485, 93.7752452286707, 1, 31.4666669937968
5234, 9332, 190892.397883538, 1908.92397883538, 95.3029949906843, 2, 42.3598097355664
11004, 13502, 413746.038958456, 4137.46038958456, 98.1851550885663, 3, 119.980250662901
15448, 15266, 588129.223932236, 5881.29223932236, 98.5557595770806, 4, 158.347987592816
19517, 16509, 748421.881998997, 7484.21881998997, 98.5761767253653, 5, 209.566336442828
20082, 16624, 770772.864817347, 7707.72864817347, 98.9854711533335, 6, 239.144754568934
25659, 17884, 991311.306928068, 9913.11306928068, 99.2878225100048, 7, 313.167381315231
32572, 19306, 1265027.76805525, 12650.2776805525, 99.2150676627098, 8, 242.15891408205
33095, 19395, 1285759.20113605, 12857.5920113605, 99.2538703060163, 9, 291.722562665939
33622, 19497, 1306640.23925492, 13066.4023925492, 98.8726777912307, 10, 268.454787653685
0, 0, 0, 0, 0, 0, 0
3522, 7367, 126201.360299893, 1262.01360299893, 92.1218826488407, 1, 23.1372053544223
8108, 11962, 300769.769943435, 3007.69769943435, 96.7056854205953, 2, 63.4293103575334
10667, 13408, 400359.602179144, 4003.59602179144, 97.3004263909534, 3, 84.9732152146101
11194, 13657, 420951.857247751, 4209.51857247751, 97.5742943816635, 4, 99.4679240247607
20561, 17253, 788720.099133678, 7887.20099133678, 98.9379227062691, 5, 192.09892482698
21091, 17424, 809602.96464704, 8096.0296464704, 98.5081799010186, 6, 181.015060420036
36268, 21117, 1409207.58551462, 14092.0758551462, 99.4814810140433, 7, 378.76542804718
36802, 21183, 1430417.69393169, 14304.1769393169, 99.1820276802773, 8, 382.987585229874
37388, 21286, 1453646.62717087, 14536.4662717087, 98.9858903247878, 9, 338.099307382107
42407, 22211, 1652445.5376527, 16524.4553765271, 99.1007263636966, 10, 300.151794042587
0, 0, 0, 0, 0, 0, 0
3435, 7372, 122632.50840598, 1226.3250840598, 91.241990796849, 1, 21.4112029421329
6306, 10470, 231484.930474591, 2314.84930474591, 96.537559339255, 2, 66.0670505652204
8430, 12110, 313317.020470414, 3133.17020470414, 96.7493482515215, 3, 68.9197869137302
12896, 14245, 487886.789071351, 4878.86789071351, 98.8250439134981, 4, 204.457067940235
14634, 14912, 556127.837200627, 5561.27837200627, 98.0978384757045, 5, 136.190847702622
15159, 15081, 576796.392222226, 5767.96392222226, 98.4689128743485, 6, 148.183358450532
21227, 16880, 816123.49423334, 8161.2349423334, 98.4977525975928, 7, 175.144742761888
29157, 18671, 1129727.80111448, 11297.2780111448, 99.0345705734926, 8, 254.974426995851
29675, 18748, 1150291.00657742, 11502.9100657742, 99.4806921461222, 9, 313.015008194149
30169, 18825, 1169900.0124082, 11699.000124082, 99.3254092492534, 10, 336.68334253788
0, 0, 0, 0, 0, 0, 0
3385, 6977, 121491.550234515, 1214.91550234515, 92.4265823752432, 1, 21.4100021962822
7456, 11001, 276621.952959035, 2766.21952959035, 96.6892260326817, 2, 68.8289117763937
10620, 12896, 399584.726051331, 3995.84726051331, 98.164005998708, 3, 121.296919702813
12647, 13664, 479165.579169817, 4791.65579169817, 98.623851237111, 4, 151.334945531487
13187, 13837, 500427.083897769, 5004.27083897769, 98.5910914392025, 5, 149.250769119412
13729, 14041, 521690.778325118, 5216.90778325118, 97.9510408150027, 6, 142.123001797795
23754, 16965, 917117.59635406, 9171.1759635406, 98.5547499145578, 7, 210.090976288915
31394, 18443, 1219750.62337285, 12197.5062337285, 98.5979508118689, 8, 260.48359473601
35407, 19091, 1378890.97590307, 13788.9097590307, 99.2884821445496, 9, 358.517286067009
36645, 19237, 1428080.00879107, 14280.8000879107, 99.1092490203318, 10, 399.53060718447
0, 0, 0, 0, 0, 0, 0
3818, 7668, 137444.391285077, 1374.44391285077, 91.7651665057613, 1, 19.9980226320028
6838, 10946, 251894.236429419, 2518.94236429419, 95.6996943499894, 2, 52.9439050531015
9008, 12359, 335989.721506923, 3359.89721506923, 97.345148739405, 3, 86.5479439068586
12630, 14145, 477475.152032565, 4774.75152032565, 97.6819204658268, 4, 111.767298447043
21812, 17200, 838843.648253452, 8388.43648253452, 98.627979328483, 5, 170.455958843231
23712, 17710, 913868.298751146, 9138.68298751146, 98.3995557173348, 6, 171.314128276706
24232, 17892, 934325.001592595, 9343.25001592595, 98.3270407056061, 7, 151.353520183116
37486, 20871, 1458204.50122116, 14582.0450122116, 99.2893641160426, 8, 309.324039720148
37992, 20979, 1478237.42756034, 14782.3742756034, 99.0613097817823, 9, 254.585089420676
39693, 21288, 1545604.37910135, 15456.0437910135, 98.7822049595779, 10, 278.235039772987
0, 0, 0, 0, 0, 0, 0
0, 100, 0, 0, 0, 1, 0
5924, 10018, 217258.941179805, 2172.58941179805, 95.6448728670923, 2, 46.7873646859825
12860, 14603, 486061.624614161, 4860.61624614161, 97.7506786023823, 3, 105.008789711557
16889, 16143, 644222.511696666, 6442.22511696667, 98.5471090073888, 4, 166.043498901948
19809, 17172, 759086.18432172, 7590.8618432172, 98.7014752026653, 5, 188.686189411283
20334, 17312, 779817.610411406, 7798.17610411406, 98.9346406240766, 6, 176.390118497014
25061, 18490, 966562.693691771, 9665.62693691772, 98.7629616273571, 7, 224.001694376469
30961, 19842, 1199898.55899136, 11998.9855899136, 99.2114309817553, 8, 281.286333578825
34959, 20569, 1358265.38620032, 13582.6538620032, 99.3952852037164, 9, 283.973967790604
38977, 21211, 1517693.38870122, 15176.9338870122, 99.6369972521079, 10, 427.860713710785
0, 0, 0, 0, 0, 0, 0
0, 100, 0, 0, 0, 1, 0
6312, 10499, 231676.805038445, 2316.76805038445, 95.6396303193269, 2, 46.9877664355934
8330, 11946, 309556.593768597, 3095.56593768597, 96.9294434586541, 3, 77.7669507982954
14301, 14899, 542856.050231814, 5428.56050231814, 98.1852475870028, 4, 146.894404536821
16199, 15609, 617441.953648686, 6174.41953648686, 98.2329454140745, 5, 134.878111676127
16730, 15749, 638400.631873906, 6384.00631873906, 98.5611205743626, 6, 155.241087551117
23141, 17557, 891384.958933506, 8913.84958933506, 98.8674316006891, 7, 282.631051049568
25698, 18069, 992587.890030101, 9925.87890030101, 98.8692111550281, 8, 259.576814533025
26216, 18148, 1013152.35663811, 10131.5235663811, 99.1578372309741, 9, 309.76701584518
29530, 18659, 1144652.28036804, 11446.5228036804, 99.1626703082038, 10, 325.603968927264
0, 0, 0, 0, 0, 0, 0
3277, 7127, 116941.492215659, 1169.41492215659, 91.6785323524475, 1, 18.7282796901464
6817, 11048, 251006.231601998, 2510.06231601998, 95.591147127971, 2, 47.1937206727639
7864, 11746, 291546.185974684, 2915.46185974684, 96.8942613844201, 3, 75.2641701521724
14771, 14984, 561668.955017827, 5616.68955017827, 98.7612249359854, 4, 134.590272157192
16054, 15449, 612132.409871433, 6121.32409871433, 98.6123506126924, 5, 159.260453765988
22051, 16862, 849181.858314499, 8491.81858314499, 98.9920028137403, 6, 234.784514608383
22540, 16963, 868540.872291319, 8685.40872291319, 99.0347826530051, 7, 256.111586095691
23044, 17064, 888504.059355929, 8885.0405935593, 99.0728634485968, 8, 249.723317409903
23556, 17178, 908754.587520272, 9087.54587520272, 98.9562166468804, 9, 250.992565841973
24081, 17306, 929509.951626282, 9295.09951626282, 98.7918628788375, 10, 233.727961989641
0, 0, 0, 0, 0, 0, 0
3627, 7426, 130358.949207433, 1303.58949207433, 93.2998172970861, 1, 26.5418633635342
5861, 9882, 215071.301819798, 2150.71301819798, 95.2701589565354, 2, 46.4493387564272
11019, 13280, 414956.796733081, 4149.56796733081, 98.1991261420771, 3, 113.887653495967
11557, 13495, 436105.624836672, 4361.05624836672, 98.0195186687261, 4, 127.021482309252
17501, 15642, 669724.860356994, 6697.24860356994, 98.6625257785627, 5, 197.963461385071
18525, 15908, 710175.607310846, 7101.75607310846, 98.7397953659665, 6, 209.569528487921
19046, 16124, 730591.471233238, 7305.91471233238, 97.9361775380003, 7, 158.248754661679
19606, 16275, 752705.378189914, 7527.05378189914, 98.6086273621768, 8, 181.671612907648
36535, 19592, 1423187.17466918, 14231.8717466918, 99.1178763432054, 9, 300.549257193804
37724, 19810, 1470321.01539832, 14703.2101539832, 98.8403354515522, 10, 259.220255867466
0, 0, 0, 0, 0, 0, 0
3510, 7164, 126095.360605348, 1260.95360605348, 93.769227090329, 1, 33.0173410671204
7632, 11164, 283184.990790881, 2831.84990790881, 96.2397714637968, 2, 59.3482730168104
10642, 12934, 400223.553605761, 4002.23553605761, 98.1632773621382, 3, 123.137471275926
13631, 14180, 517436.783707798, 5174.36783707798, 98.5372216070818, 4, 144.332196249366
18919, 15702, 725958.678838149, 7259.58678838149, 99.1067636897042, 5, 233.382987565994
21419, 16280, 824844.48984113, 8248.4448984113, 98.7800535779825, 6, 207.247589329816
21950, 16414, 845861.079464186, 8458.61079464186, 98.9836517678941, 7, 232.532659461834
22465, 16540, 866209.390972499, 8662.09390972499, 98.8838693067428, 8, 253.335616825409
31450, 18590, 1221587.30588314, 12215.8730588314, 98.7680971714854, 9, 228.069602822065
31964, 18671, 1241982.94457277, 12419.8294457277, 99.1029198234155, 10, 274.851125764847
0, 0, 0, 0, 0, 0, 0
3641, 7393, 130850.729893558, 1308.50729893558, 92.142172801867, 1, 19.9958687774837
6215, 10165, 228461.553350985, 2284.61553350985, 95.5392094369977, 2, 48.6771403302252
11776, 13354, 444872.724096984, 4448.72724096984, 98.2898959281301, 3, 138.307995473742
12327, 13583, 466497.622906554, 4664.97622906555, 98.0877129174769, 4, 127.575309747756
18206, 15747, 697491.017253272, 6974.91017253272, 98.2776649050411, 5, 207.893310987949
21475, 16631, 826515.782845076, 8265.15782845076, 98.9899765296277, 6, 218.941591057777
33675, 19180, 1309358.5654411, 13093.585654411, 98.9346928916493, 7, 320.600703415871
34212, 19256, 1330683.72957606, 13306.8372957606, 99.2082925964896, 8, 372.267161582708
34703, 19337, 1350144.39681786, 13501.4439681786, 99.0125271737197, 9, 361.388952102661
39848, 20275, 1554082.54011262, 15540.8254011262, 99.0975887729601, 10, 349.471669431329
0, 0, 0, 0, 0, 0, 0
2995, 6510, 106703.230957411, 1067.03230957411, 91.5111905800552, 1, 16.1698179808259
5889, 9756, 216201.544818845, 2162.01544818845, 96.0373305202277, 2, 64.6569342693686
10464, 12580, 393859.947392695, 3938.59947392695, 97.6410638387129, 3, 103.509350146353
11852, 13105, 448345.409982137, 4483.45409982137, 98.0812739787625, 4, 126.65129243169
12932, 13574, 490654.422627065, 4906.54422627065, 98.1751533890892, 5, 114.674530952647
19119, 15635, 734245.346577972, 7342.45346577972, 98.747230732627, 6, 172.24086613059
19637, 15745, 754760.433032598, 7547.60433032598, 99.2209519271546, 7, 212.328690027334
20145, 15866, 774853.417287417, 7748.53417287417, 98.6271504007282, 8, 217.958914680481
25438, 17121, 984091.280390106, 9840.91280390106, 98.9228654478848, 9, 213.92264069438
32399, 18572, 1259612.75784799, 12596.1275784799, 98.8933590716497, 10, 291.04147313416
0, 0, 0, 0, 0, 0, 0
3859, 7808, 138800.081572611, 1388.00081572611, 93.0078022551909, 1, 26.2071509933472
7573, 11425, 280456.952996455, 2804.56952996455, 96.3783417112008, 2, 63.423358351551
8975, 12421, 334672.840410952, 3346.72840410952, 96.7546779845284, 3, 67.3959517454728
11977, 14035, 451662.827438641, 4516.62827438641, 97.5858606798947, 4, 100.942991583683
16201, 15592, 617602.078705031, 6176.02078705031, 98.848354825378, 5, 198.898004145622
16746, 15718, 639162.564868111, 6391.62564868111, 98.9130594228955, 6, 221.801973884068
17253, 15852, 659184.987287954, 6591.84987287953, 98.6013236423205, 7, 203.606834571362
17806, 15996, 681029.057050016, 6810.29057050016, 98.5858571432163, 8, 205.108150346726
18314, 16114, 701111.51880176, 7011.1151880176, 98.8650767790532, 9, 222.337300468087
18842, 16325, 721853.565154772, 7218.53565154772, 98.230434644036, 10, 158.634705114365
0, 0, 0, 0, 0, 0, 0
3091, 6595, 110369.936057553, 1103.69936057553, 92.0506547972933, 1, 21.6471515397728
6420, 10376, 236250.087331135, 2362.50087331135, 96.1011689142879, 2, 58.826089704372
12295, 13862, 464579.252511408, 4645.79252511408, 97.9388187422983, 3, 106.037256498337
15994, 15255, 609875.318310332, 6098.75318310332, 97.9347434910014, 4, 130.019042419195
17372, 15634, 664264.273236949, 6642.64273236949, 99.0290425346047, 5, 195.928036029115
23223, 17161, 895298.135024805, 8952.98135024805, 98.8240847826382, 6, 225.214662782103
23654, 17283, 912330.434712805, 9123.30434712805, 98.8967084500946, 7, 231.300409306288
24333, 17418, 939212.723009434, 9392.12723009434, 99.1569801062706, 8, 235.876270114556
35996, 19937, 1400869.85838307, 14008.6985838307, 98.6517429285504, 9, 279.863608937562
36513, 20034, 1421358.17677578, 14213.5817677578, 98.79573285062, 10, 277.375037197806
0, 0, 0, 0, 0, 0, 0
3448, 7108, 123742.520152576, 1237.42520152576, 92.4622250760347, 1, 25.311860871315
4695, 8780, 170364.088751592, 1703.64088751592, 93.2870967995375, 2, 30.1776455035061
8809, 11879, 329050.574642409, 3290.50574642409, 97.5888303802162, 3, 116.018244559653
9364, 12183, 350687.53593792, 3506.8753593792, 97.4321249940622, 4, 89.8605957563221
20234, 16304, 777507.313512567, 7775.07313512567, 98.5354160278293, 5, 166.835379305482
23974, 17416, 924990.844488624, 9249.90844488625, 98.8241554749766, 6, 190.453779263534
26367, 17878, 1019757.93113041, 10197.5793113041, 99.3273187120631, 7, 276.624466282725
26854, 17988, 1039027.29886969, 10390.2729886969, 98.7817892584953, 8, 243.967417650223
27401, 18102, 1060684.65956081, 10606.8465956081, 99.116426235325, 9, 264.976008142829
30958, 18770, 1201580.75161647, 12015.8075161647, 99.1043241504576, 10, 326.041939173937
0, 0, 0, 0, 0, 0, 0
3740, 7493, 134623.994262494, 1346.23994262494, 93.3757402681931, 1, 25.1056040351093
6194, 10046, 227837.508344911, 2278.37508344911, 95.5662886146829, 2, 52.2203658735752
10233, 12700, 384446.404968943, 3844.46404968943, 97.8051695922391, 3, 103.201740718521
13458, 14340, 510283.272754878, 5102.83272754878, 98.0033018203449, 4, 108.22501339592
13977, 14574, 530626.34499323, 5306.2634499323, 97.4811946924028, 5, 105.084791461229
17299, 15537, 661528.268490508, 6615.28268490508, 98.4046255446219, 6, 178.084040878415
17837, 15686, 682746.690271154, 6827.46690271154, 99.0747202049197, 7, 190.340147567987
18365, 15848, 703561.840218071, 7035.61840218071, 98.5781056767328, 8, 181.005419827402
32928, 19001, 1279809.41507981, 12798.0941507981, 99.131534402668, 9, 332.288694188595
33434, 19071, 1299902.58650916, 12999.0258650916, 99.3562670586634, 10, 346.183673170209
0, 0, 0, 0, 0, 0, 0
3032, 6549, 108194.091478113, 1081.94091478113, 91.4942539535461, 1, 19.2533304163814
7022, 11027, 259114.784240153, 2591.14784240153, 95.9738344741613, 2, 48.1868900918961
8601, 12049, 320355.070242781, 3203.55070242781, 97.3701564484836, 3, 88.3143063372374
13833, 14843, 524319.464950569, 5243.19464950569, 97.5679106130829, 4, 117.900815791897
14368, 15095, 545258.222309761, 5452.58222309761, 97.7575395900758, 5, 123.22757780198
14961, 15332, 568508.115852475, 5685.08115852475, 97.9765936043486, 6, 116.600276691914
29749, 19452, 1151816.72949708, 11518.1672949708, 99.0493790364635, 7, 242.067045550048
30260, 19562, 1172035.04507841, 11720.3504507841, 99.1238742610803, 8, 247.956602713466
38042, 21041, 1480440.36779807, 14804.4036779807, 99.2211835238704, 9, 284.883361854553
39931, 21308, 1555187.48254469, 15551.8748254469, 98.980466744415, 10, 392.018604309559
0, 0, 0, 0, 0, 0, 0
4021, 7970, 144952.960208986, 1449.52960208986, 94.0773553456738, 1, 34.3009703554213
6102, 10105, 224132.945830513, 2241.32945830513, 95.8098932061721, 2, 55.006001778692
10825, 12987, 407517.432184238, 4075.17432184238, 97.2993952287734, 3, 93.5111261387169
13874, 14211, 527089.976258039, 5270.8997625804, 98.211764197611, 4, 126.069187713265
17175, 15312, 657068.976080157, 6570.68976080157, 98.3562346139925, 5, 195.767218899131
22261, 16513, 858133.336337313, 8581.33336337313, 99.072370381391, 6, 268.762651515007
23139, 16695, 892896.895742208, 8928.96895742208, 98.8839560330289, 7, 228.532447142601
23620, 16791, 911954.902792901, 9119.54902792901, 99.1115155704319, 8, 256.95425853774
26385, 17444, 1021289.26845286, 10212.8926845286, 98.939168629684, 9, 228.37830361519
31407, 18490, 1220119.28616482, 12201.1928616482, 99.2109721347697, 10, 315.578785173893
