0, 0, 0, 0, 0, 0, 0
4584, 8868, 165444.676512621, 1654.44676512621, 94.4780123302342, 1, 35.3896155830473
8671, 12414, 322254.700091396, 3222.54700091396, 97.5216168301554, 2, 83.2950731435418
14050, 15627, 531520.012082987, 5315.20012082987, 95.8720166704052, 3, 58.2883574676886
18596, 19900, 704844.240069076, 7048.44240069076, 99.1848157364875, 4, 260.363831243515
19215, 20021, 729402.164270367, 7294.02164270367, 99.3592208495738, 5, 263.376328909397
20351, 20250, 774425.009893764, 7744.25009893764, 99.0320111898336, 6, 255.956431951523
20880, 20340, 795414.372871738, 7954.14372871738, 99.196416675225, 7, 264.147772437446
21428, 20429, 817176.815762158, 8171.76815762158, 99.2700136104231, 8, 292.817319502831
21960, 20585, 838187.978859287, 8381.87978859287, 98.7716112531725, 9, 256.806586717442
28121, 21691, 1082683.92807113, 10826.8392807113, 99.4364123934884, 10, 380.255964910686
0, 0, 0, 0, 0, 0, 0
4003, 8161, 143493.073270578, 1434.93073270578, 92.9728196767719, 1, 26.5468048468232
7956, 12027, 294169.457477368, 2941.69457477368, 96.9504176788032, 2, 75.1251180872694
13571, 15081, 513142.927708205, 5131.42927708205, 98.1500141413135, 3, 118.421261939146
14121, 15280, 534779.171917334, 5347.79171917334, 98.2816193004701, 4, 132.879119291529
17497, 16578, 667454.830911502, 6674.54830911502, 98.9024144538862, 5, 173.179993767589
20984, 17501, 805264.930076465, 8052.64930076465, 99.2304102451726, 6, 224.320595061779
21512, 17663, 826111.492202844, 8261.11492202844, 98.8384145046393, 7, 221.816963778734
28085, 19315, 1086080.9684929, 10860.809684929, 98.4272144154456, 8, 164.117958930135
43911, 22588, 1713276.53491178, 17132.7653491178, 99.395209879538, 9, 347.914320850521
44429, 22667, 1733860.13842785, 17338.6013842785, 99.4648176549381, 10, 402.623317674585
0, 0, 0, 0, 0, 0, 0
3447, 7260, 123409.137981839, 1234.09137981839, 91.6748167062178, 1, 25.5704126851633
7373, 11482, 272362.761725083, 2723.62761725083, 96.2680144240335, 2, 54.6011299079657
11819, 14017, 445490.507181663, 4454.90507181663, 97.8948122854526, 3, 113.98613340199
12358, 14225, 466675.070022326, 4666.75070022326, 98.3172118504344, 4, 127.076560759544
12897, 14465, 487775.312422425, 4877.75312422425, 97.7232133364305, 5, 101.001205915213
18398, 16512, 704072.224948835, 7040.72224948835, 98.8400132265315, 6, 200.931006009355
24402, 18120, 941322.778149571, 9413.22778149571, 99.353615063912, 7, 267.884688827992
36975, 20951, 1439294.80853058, 14392.9480853058, 99.5160180968796, 8, 388.506521377564
37514, 21002, 1460749.21241735, 14607.4921241735, 99.4084156504268, 9, 410.815197793841
39469, 21251, 1538486.10321679, 15384.8610321679, 99.2504122909522, 10, 386.221186885834
0, 0, 0, 0, 0, 0, 0
3991, 8124, 143646.941759575, 1436.46941759575, 92.4676166992263, 1, 21.3912078103423
7828, 12018, 289776.926249269, 2897.76926249269, 96.7540128987657, 2, 64.3579560169578
9153, 12744, 341410.093630869, 3414.10093630869, 97.4396120009574, 3, 88.6134724833071
10405, 13254, 390522.260835275, 3905.22260835275, 97.4912177050855, 4, 95.2143222552538
10927, 13483, 410986.144172944, 4109.86144172944, 97.9732201403754, 5, 109.7432309746
19756, 16433, 758798.389685258, 7587.98389685258, 98.5280175561829, 6, 181.808904265501
31432, 19383, 1220539.89294029, 12205.3989294029, 99.2180147663876, 7, 275.10934312582
31957, 19486, 1241354.29554231, 12413.5429554231, 99.0920111360028, 8, 302.116299882755
32479, 19555, 1262105.05819906, 12621.0505819906, 99.468014593609, 9, 295.547331647873
33019, 19650, 1283528.26167803, 12835.2826167803, 99.2508150817084, 10, 285.111737861037
0, 0, 0, 0, 0, 0, 0
2663, 5905, 94397.9816867001, 943.979816867001, 91.5084129146113, 1, 18.8528026462719
7655, 11530, 283369.892973386, 2833.69892973386, 97.0160150681809, 2, 86.1759042936563
11746, 13762, 442999.993300691, 4429.99993300691, 98.2072153141726, 3, 122.418063966632
15429, 15315, 587504.735682908, 5875.04735682908, 98.486015172899, 4, 173.059405049086
17962, 16106, 687392.950345449, 6873.92950345449, 98.9736152087889, 5, 195.57964990139
22907, 17627, 882438.57990941, 8824.3857990941, 98.8124159857616, 6, 191.612485387325
24120, 17883, 930489.827416554, 9304.89827416554, 99.2916127058488, 7, 238.467980335951
46706, 22976, 1824768.27198639, 18247.6827198639, 99.2172144468859, 8, 318.650490765572
47211, 23030, 1844874.11366262, 18448.7411366262, 99.6260114502911, 9, 423.884604721069
47711, 23121, 1864710.27701637, 18647.1027701637, 99.1136172790466, 10, 346.91109294951
0, 0, 0, 0, 0, 0, 0
3606, 7858, 128649.340103421, 1286.49340103421, 92.7232164572924, 1, 23.0016066098958
7322, 12086, 269237.965241585, 2692.37965241585, 96.255614549294, 2, 63.8615017810836
10107, 13969, 377230.822355714, 3772.30822355714, 97.3148124962304, 3, 79.0359528818727
16422, 16524, 625166.535496522, 6251.66535496522, 98.9004115581884, 4, 169.005076466799
21115, 18050, 810156.761596054, 8101.56761596054, 99.0000098301098, 5, 197.607912582755
25426, 19088, 980661.625438623, 9806.61625438623, 98.9348093694443, 6, 206.1254413151
26831, 19293, 1036475.7944173, 10364.757944173, 99.4276198676234, 7, 337.053365185261
27338, 19361, 1056633.75695735, 10566.3375695735, 99.2888134155419, 8, 359.276878517009
38863, 21493, 1513806.858499, 15138.06858499, 99.1196129737036, 9, 287.017784175277
44892, 22417, 1753305.13220226, 17533.0513220226, 99.3992131534214, 10, 342.632916817665
0, 0, 0, 0, 0, 0, 0
3903, 7722, 140855.541901521, 1408.55541901521, 93.7624145401642, 1, 32.1548144362122
6635, 10439, 244982.479711428, 2449.82479711428, 96.5368147541953, 2, 63.6267418977618
8561, 11714, 319655.451055992, 3196.55451055992, 97.2048168889432, 3, 97.264564383924
14394, 14560, 547806.483712982, 5478.06483712982, 98.3676120167593, 4, 128.199812104702
18567, 15842, 712382.90696938, 7123.8290696938, 98.2296110608049, 5, 131.620293276906
21366, 16643, 822937.962424845, 8229.37962424845, 98.8236167644336, 6, 176.72155854702
31283, 18889, 1215567.37744838, 12155.6737744838, 99.3560144957155, 7, 292.272192544937
34634, 19571, 1348434.27633155, 13484.3427633155, 99.166411745362, 8, 287.333257012367
35149, 19651, 1368898.43892045, 13688.9843892045, 99.4556133168935, 9, 300.335763102174
35681, 19722, 1390060.84191313, 13900.6084191313, 99.5024128925052, 10, 349.262123789787
0, 0, 0, 0, 0, 0, 0
3634, 7570, 130269.460849736, 1302.69460849736, 92.5956186862288, 1, 20.6908071669936
8848, 12298, 329933.489437196, 3299.33489437196, 97.0456118006259, 2, 77.5438735502958
9970, 12863, 373774.656904448, 3737.74656904448, 97.633616532125, 3, 106.387365526557
13973, 14561, 530774.118768055, 5307.74118768055, 98.4604088589549, 4, 150.403174475431
14693, 14831, 559082.962407328, 5590.82962407328, 97.9832082629573, 5, 166.025856035911
22164, 16995, 854069.284617402, 8540.69284617402, 98.9184117810801, 6, 210.356934076548
31571, 19151, 1226531.65478046, 12265.3165478046, 99.0568125329537, 7, 204.733378404006
36935, 20087, 1439342.60465065, 14393.4260465065, 99.1868101918317, 8, 314.027866474725
43219, 21096, 1688913.2803634, 16889.132803634, 99.4304162431145, 9, 389.646412015557
43741, 21154, 1709690.72368932, 17096.9072368932, 99.4936161039768, 10, 353.60574265793
0, 0, 0, 0, 0, 0, 0
4000, 7990, 144151.544083055, 1441.51544083055, 94.1504181292653, 1, 25.9915976634622
7463, 11164, 276709.88217387, 2767.0988217387, 96.7792117803169, 2, 69.4027052148432
9247, 12250, 346026.931492034, 3460.26931492034, 96.7120137241486, 3, 79.5602382421494
14631, 14590, 557097.761572659, 5570.97761572659, 98.8304165068639, 4, 175.60359033823
17028, 15331, 651645.174455728, 6516.45174455728, 98.8120142729576, 5, 213.023807244301
18290, 15671, 701524.820798874, 7015.24820798874, 98.8864130448919, 6, 199.862498910762
27617, 18344, 1069818.63203825, 10698.1863203825, 99.0096146253873, 7, 266.221046481133
28117, 18413, 1089685.47488497, 10896.8547488497, 99.3908154819164, 8, 313.778587233275
29715, 18684, 1153105.96374314, 11531.0596374314, 99.1380079734699, 9, 250.13261059761
36076, 19870, 1405402.91707265, 14054.0291707265, 99.4348209903019, 10, 317.587508708201
0, 0, 0, 0, 0, 0, 0
3482, 7190, 124932.78011496, 1249.3278011496, 93.358817850165, 1, 25.8312156571075
6597, 10493, 243237.397383828, 2432.37397383828, 96.8780125745384, 2, 63.9023343301192
10088, 12755, 378588.457990255, 3785.88457990255, 97.5668176155168, 3, 90.6210159254074
12428, 13863, 470146.428431012, 4701.46428431012, 98.0512127841639, 4, 119.431888151169
18117, 16147, 693604.899045657, 6936.04899045657, 98.5700150196253, 5, 141.659880073071
25201, 18110, 973448.6236527, 9734.486236527, 99.3168111546347, 6, 270.249866318703
27237, 18536, 1054130.51516309, 10541.3051516309, 98.8724184867369, 7, 246.99002025485
27756, 18648, 1074703.39881548, 10747.0339881548, 99.3644187494738, 8, 247.913517542481
28270, 18756, 1095072.1215723, 10950.721215723, 98.9536147152994, 9, 238.86719797764
39751, 20990, 1550301.46886259, 15503.0146886259, 99.4720158011478, 10, 370.022895531654
0, 0, 0, 0, 0, 0, 0
0, 0, 0, 0, 0, 0, 0
3960, 8014, 142132.247099213, 1421.32247099213, 92.6096116190031, 1, 23.1948099964485
7089, 11179, 261293.985850368, 2612.93985850368, 95.7764168727394, 2, 48.8475551298261
12440, 14480, 469213.657208983, 4692.13657208983, 98.2844140767302, 3, 119.546155295372
13613, 14913, 515367.18377097, 5153.6718377097, 98.5596137472239, 4, 157.857345662713
15775, 15737, 600336.435260121, 6003.36435260121, 98.2840085355938, 5, 157.047004576325
21991, 17588, 845634.188922986, 8456.34188922986, 99.3204118985686, 6, 242.224578885175
23382, 17848, 900796.756416064, 9007.96756416064, 99.2424106158323, 7, 265.136489486694
23909, 17964, 921654.958648711, 9216.54958648711, 98.8884120470666, 8, 263.42523025427
24425, 18067, 942110.281378005, 9421.10281378005, 99.2080131353796, 9, 273.325848855972
46055, 22179, 1799968.92366613, 17999.6892366613, 99.3176169152903, 10, 417.682810676694
0, 0, 0, 0, 0, 0, 0
3506, 7422, 125575.258876186, 1255.75258876186, 92.3040112796052, 1, 21.7647945517302
6805, 10850, 251021.79823079, 2510.2179823079, 96.4400143770126, 2, 63.2066861678287
10998, 13371, 414070.622339979, 4140.70622339979, 97.9948138493673, 3, 109.036531119347
13178, 14291, 499590.235173211, 4995.9023517321, 98.3144138216976, 4, 114.828301770687
17139, 15720, 655437.858181003, 6554.37858181004, 98.4416126746682, 5, 150.722969224453
17662, 15871, 676075.701008763, 6760.75701008763, 98.6448147192978, 6, 167.00866530925
18183, 16005, 696668.623419069, 6966.68623419069, 98.686010737717, 7, 170.844356532432
28862, 18677, 1119039.68261668, 11190.3968261668, 99.0788155221562, 8, 262.581541728079
37922, 20137, 1478856.0949439, 14788.560949439, 99.2968200416108, 9, 322.161272271611
38419, 20198, 1498620.33799608, 14986.2033799608, 99.3180167931678, 10, 385.063484239578
0, 0, 0, 0, 0, 0, 0
4563, 8794, 165073.825025186, 1650.73825025186, 93.9636164929345, 1, 32.8328111240268
6168, 10349, 226351.23371426, 2263.5123371426, 96.3808176441862, 2, 56.0867542611063
8603, 12263, 320225.006565243, 3202.25006565243, 97.9012101304529, 3, 97.2918859219551
16532, 15863, 630866.608701527, 6308.66608701527, 98.8208142737303, 4, 187.777226051427
18053, 16313, 690888.894486345, 6908.88894486345, 98.1444125585631, 5, 152.916324481666
26360, 18262, 1019718.17381545, 10197.1817381545, 99.2060148316632, 6, 259.652560435534
26895, 18367, 1040935.61614163, 10409.3561614163, 99.2900119404858, 7, 254.843003402948
27399, 18468, 1060916.29854983, 10609.1629854983, 99.0520107806115, 8, 295.897807711363
27908, 18569, 1081082.58103924, 10810.8258103924, 99.2520105100048, 9, 303.525758049488
45433, 21690, 1776526.71471219, 17765.2671471219, 99.1936106118919, 10, 301.238413715363
0, 0, 0, 0, 0, 0, 0
0, 0, 0, 0, 0, 0, 0
2626, 5940, 92749.8144904561, 927.498144904561, 90.9544166129828, 1, 15.6628031076491
7570, 11453, 279917.084379751, 2799.17084379751, 96.2220238583532, 2, 57.8815452606976
9829, 12906, 367604.455977246, 3676.04455977246, 97.4716131294149, 3, 100.385776985586
16524, 15890, 629977.972701408, 6299.77972701408, 98.7652137406913, 4, 180.973331819177
19619, 16827, 752086.22837903, 7520.8622837903, 98.8660141665496, 5, 197.369377344847
20540, 17130, 788389.512847856, 7883.89512847856, 98.2968105496466, 6, 164.609701589644
21081, 17301, 809728.435533725, 8097.28435533725, 98.6288117330896, 7, 170.275461960137
42889, 21881, 1673780.87275534, 16737.8087275534, 99.4544110304887, 8, 313.677588453889
43424, 21963, 1695035.67570483, 16950.3567570483, 99.2552124872818, 9, 308.944221006781
46044, 22339, 1799163.6091938, 17991.636091938, 99.6444131356475, 10, 370.093808086514
0, 0, 0, 0, 0, 0, 0
4275, 8587, 154105.583428983, 1541.05583428983, 93.4392118235678, 1, 26.8208057064191
6989, 11383, 257333.761073656, 2573.33761073656, 96.5612124486638, 2, 70.318705278337
13209, 14867, 499708.239397757, 4997.08239397757, 98.209218854643, 3, 131.661909567714
13735, 15079, 520367.761783399, 5203.67761783399, 98.098009870052, 4, 125.798043661416
18168, 16741, 694710.267094418, 6947.10267094418, 98.8500141414252, 5, 165.98416313827
23336, 18137, 898945.615420371, 8989.45615420371, 98.97401520934, 6, 216.333049020767
24362, 18426, 939473.700300939, 9394.73700300939, 98.8924105552214, 7, 179.754784748629
28276, 19268, 1094533.27790701, 10945.3327790701, 99.3280095637583, 8, 316.252787918784
28819, 19370, 1116083.28052431, 11160.8328052431, 99.2272103858359, 9, 296.891739113331
29336, 19455, 1136602.68206584, 11366.0268206584, 99.0864078023278, 10, 302.25870675955
0, 0, 0, 0, 0, 0, 0
3854, 8006, 138217.02222931, 1382.1702222931, 93.1884146638215, 1, 26.3424124621972
8248, 12352, 305754.487983156, 3057.54487983156, 96.4560183654353, 2, 65.2151379372179
13329, 15154, 503869.916871443, 5038.69916871443, 98.4664191578331, 3, 138.439893469214
16790, 16391, 640069.935333636, 6400.69935333636, 98.3200174586109, 4, 136.788512096405
21669, 17822, 832618.723701362, 8326.18723701362, 99.177616817914, 5, 233.913830518723
22933, 18137, 882636.810587224, 8826.36810587224, 99.0120178852976, 6, 240.425542607903
28104, 19303, 1087384.59202885, 10873.8459202885, 99.1768124236169, 7, 281.622029451728
38028, 21775, 1479974.88173924, 14799.7488173924, 98.7264155877365, 8, 186.938209630474
44765, 23152, 1747031.84296465, 17470.3184296465, 99.3008174084098, 9, 311.024319189489
47071, 23582, 1838499.6959946, 18384.996959946, 99.0292195258662, 10, 318.34099126704
0, 0, 0, 0, 0, 0, 0
0, 0, 0, 0, 0, 0, 0
3321, 6969, 118549.090232488, 1185.49090232488, 92.14561767634, 1, 22.0728040829301
6283, 10298, 230738.467489459, 2307.38467489459, 95.9996135308597, 2, 53.6963408474997
11012, 13394, 414187.377468925, 4141.87377468925, 97.4040157267455, 3, 88.4305853408575
13134, 14452, 497113.110191893, 4971.13110191893, 98.0984111707658, 4, 108.813020307794
23169, 17838, 892391.478695411, 8923.91478695411, 98.9688131307448, 5, 219.859176249504
23713, 17947, 913952.321529526, 9139.52321529526, 99.1620139810075, 6, 228.836037646309
24250, 18110, 935174.004673257, 9351.74004673258, 98.7716126290343, 7, 194.22688077651
33740, 20175, 1311028.46340022, 13110.2846340022, 99.2328206790608, 8, 268.912123189569
36136, 20517, 1406222.95443062, 14062.2295443062, 99.3008099125327, 9, 330.004211688042
58342, 24651, 2286991.77055378, 22869.9177055378, 98.9748099521166, 10, 277.286935105324
0, 0, 0, 0, 0, 0, 0
4015, 8052, 144625.579818308, 1446.25579818308, 93.2892126685008, 1, 25.1127965443954
9042, 12716, 336894.652808651, 3368.94652808651, 96.4320202237736, 2, 66.5327187785506
14110, 15351, 534844.963115741, 5348.44963115741, 97.9528149797397, 3, 106.100194144845
18201, 16857, 695765.549328774, 6957.65549328774, 99.0804129097232, 4, 197.850425049439
21418, 18022, 822319.127533339, 8223.19127533339, 98.3868145681918, 5, 135.160068182945
21913, 18173, 841840.289930012, 8418.40289930012, 98.5280123750108, 6, 146.535530104265
30666, 20575, 1187710.98196154, 11877.1098196154, 99.0956163124738, 7, 288.712329390645
36139, 21603, 1404790.01526077, 14047.9001526077, 99.356817011907, 8, 372.016030378565
44137, 23388, 1721506.46133017, 17215.0646133017, 99.2432147334912, 9, 276.899878709316
44645, 23461, 1741701.90416911, 17417.0190416911, 99.3844132683444, 10, 331.45415584445
0, 0, 0, 0, 0, 0, 0
2689, 5973, 95714.8525260836, 957.148525260836, 92.1500133341178, 1, 21.5552076936141
7591, 11514, 281179.522112235, 2811.79522112235, 95.6100167814643, 2, 48.8767888201028
12553, 14270, 474493.87236771, 4744.9387236771, 97.7428086031969, 3, 104.00419873476
17457, 20488, 657964.217644647, 6579.64217644647, 99.1712092785165, 4, 222.949346723557
17942, 20567, 677229.660685711, 6772.29660685711, 99.3404146665707, 5, 246.071799157262
18730, 20694, 708514.265323464, 7085.14265323464, 98.9880138582739, 6, 225.433399386406
19543, 20841, 740765.110491522, 7407.65110491522, 99.1636162096265, 7, 276.745022652149
20063, 20923, 761411.873160508, 7614.11873160508, 99.3852107916027, 8, 278.565549709797
21369, 21187, 813196.47936539, 8131.9647936539, 98.917214374319, 9, 277.426086500883
21888, 21326, 833701.282327227, 8337.01282327227, 98.6312157411503, 10, 201.882575071603
0, 0, 0, 0, 0, 0, 0
0, 0, 0, 0, 0, 0, 0
3150, 6774, 112084.409261655, 1120.84409261655, 91.9284162047505, 1, 21.9132055768371
6834, 11009, 251281.273119386, 2512.81273119386, 96.5856132961067, 2, 63.6355610366166
7928, 11690, 293751.880956084, 2937.51880956084, 97.2996142602337, 3, 85.7142597952485
15705, 15257, 598273.885132667, 5982.73885132667, 98.2600109856203, 4, 120.320146397091
16276, 15449, 620771.328043487, 6207.71328043487, 98.7824106943608, 5, 180.571603403091
16809, 15606, 641805.930634022, 6418.05930634022, 98.5812141926217, 6, 171.541476827785
28471, 19206, 1101830.71326038, 11018.3071326038, 99.1244147123034, 7, 306.704727998972
28958, 19295, 1121152.43655714, 11211.5243655714, 99.1368134761233, 8, 246.57316140566
57452, 41937, 2217604.28449667, 22176.0428449667, 99.6272173545876, 9, 427.533884824514
58110, 42023, 2243768.08835842, 22437.6808835842, 99.3580143346262, 10, 350.668689785302
0, 0, 0, 0, 0, 0, 0
3885, 7940, 139594.061439812, 1395.94061439812, 91.5144138983264, 1, 22.4032054013014
8135, 12153, 301546.086133152, 3015.46086133152, 96.3140065440161, 2, 57.4703098020703
9400, 12824, 350910.212708622, 3509.10212708622, 97.2588150509823, 3, 85.1397811136395
13235, 14890, 500457.917552467, 5004.57917552467, 98.7500165070223, 4, 175.763301742077
14582, 15374, 553486.126887921, 5534.86126887921, 98.0908169380946, 5, 135.215489672422
21704, 17134, 835262.522187084, 8352.62522187084, 99.1268170480053, 6, 252.052729959488
28857, 18703, 1118560.07999626, 11185.6007999626, 98.942412611992, 7, 245.837283011638
31195, 19063, 1211447.49244224, 12114.4749244224, 99.4732158602401, 8, 355.442561196089
33944, 19498, 1320637.78885742, 13206.3778885742, 99.7140116163719, 9, 414.541128151417
34434, 19572, 1340100.99097182, 13401.0099097182, 99.4560102083906, 10, 414.842731359005
0, 0, 0, 0, 0, 0, 0
0, 0, 0, 0, 0, 0, 0
3600, 7413, 128927.364472073, 1289.27364472073, 93.3492191762105, 1, 23.6924083307385
6510, 10492, 239429.903377209, 2394.29903377209, 95.5220160131903, 2, 48.4575760221481
10981, 13317, 413060.847169623, 4130.60847169623, 98.2404170123486, 3, 116.354065343738
14931, 15049, 567883.627242275, 5678.83627242275, 98.4140117925781, 4, 144.608085471392
18372, 16291, 703233.485768955, 7032.33485768955, 98.3356084702909, 5, 180.139293872416
22942, 17442, 883958.030432526, 8839.58030432526, 99.2084182650233, 6, 286.121003921032
23462, 17574, 904519.953372579, 9045.19953372579, 98.7392145167287, 7, 207.760331666805
24000, 17689, 925835.156263303, 9258.35156263303, 98.9660130267584, 8, 228.318280579746
24513, 17802, 946146.478785053, 9461.46478785053, 99.0320115802078, 9, 209.636545975208
25048, 17938, 967324.88258997, 9673.2488258997, 99.0356177274134, 10, 209.717461668216
0, 0, 0, 0, 0, 0, 0
4038, 7945, 145691.783707783, 1456.91783707783, 95.2768151997402, 1, 43.7816075095534
7150, 11764, 262677.16347336, 2626.7716347336, 95.9504113608223, 2, 60.3099295840412
10787, 14328, 403435.187068745, 4034.35187068745, 96.8432211198656, 3, 64.5076162606478
14411, 15839, 545656.40827712, 5456.5640827712, 98.8112194498999, 4, 177.058772766143
16337, 16498, 621544.459792934, 6215.44459792934, 98.5620154751832, 5, 147.716258274466
16866, 16634, 642444.822861727, 6424.44822861727, 98.7852123589446, 6, 178.174959077388
17396, 16788, 663343.225212622, 6633.43225212622, 98.5540084363893, 7, 151.477476253212
35200, 21033, 1367832.3316726, 13678.323316726, 99.3840183150387, 8, 350.943033549786
39768, 21857, 1549094.99826153, 15490.9499826153, 99.2316160964601, 9, 299.511059527397
46881, 23047, 1831515.87879202, 18315.1587879202, 99.5404136617835, 10, 361.481047000885
0, 0, 0, 0, 0, 0, 0
3155, 6951, 112365.857998904, 1123.65857998904, 91.9504114737733, 1, 20.4780069150031
8128, 12112, 301478.690980852, 3014.78690980852, 97.5548136856405, 2, 88.8138243146986
10277, 13336, 385204.463434242, 3852.04463434242, 97.599613488987, 3, 85.0518795722723
10841, 13633, 407222.386618488, 4072.22386618488, 97.7732120348514, 4, 100.955903317332
11382, 13879, 428413.870091736, 4284.13870091736, 97.8016145446527, 5, 115.677144724727
14628, 15085, 556009.727359444, 5560.09727359444, 98.1308142577482, 6, 127.827935530692
20625, 16921, 792598.556418896, 7925.98556418896, 99.0616113553197, 7, 244.070685999393
21140, 17053, 812958.519146178, 8129.58519146178, 98.9596135228876, 8, 239.135073310733
43207, 21374, 1688024.56105317, 16880.2456105317, 99.6484157034756, 9, 402.691657713652
43724, 21438, 1708587.04445452, 17085.8704445452, 99.4252134841336, 10, 406.545518612266
0, 0, 0, 0, 0, 0, 0
3719, 7670, 133429.941016309, 1334.29941016309, 92.0736179034041, 1, 21.2752079392225
8177, 12272, 303060.006601695, 3030.60006601695, 96.7744113856925, 2, 69.7343121257424
11439, 14064, 430268.104663964, 4302.68104663964, 97.9544135847309, 3, 117.017173668109
15048, 15532, 571939.04258053, 5719.3904258053, 98.4224137749525, 4, 139.110214141943
19997, 17060, 767188.225351796, 7671.88225351796, 98.6760080004478, 5, 210.883513277769
22309, 17760, 858416.439414769, 8584.16439414769, 98.4904145431901, 6, 200.291112028137
22835, 17893, 879220.682433937, 8792.20682433937, 98.8328138322377, 7, 199.641070519537
23361, 18011, 900060.56469563, 9000.6056469563, 99.2308092971889, 8, 241.420047904849
23860, 18130, 919813.527577456, 9198.13527577456, 99.1664146905769, 9, 242.888377764001
24380, 18250, 940400.329524007, 9404.00329524007, 98.9044093031425, 10, 229.579652551413
0, 0, 0, 0, 0, 0, 0
2402, 5462, 85228.9726603404, 852.289726603404, 90.6380164347589, 1, 18.9708054450899
5701, 9682, 209017.271511339, 2090.17271511339, 95.5720154049247, 2, 48.5267355635017
11385, 13346, 429620.182592783, 4296.20182592783, 98.0220121447373, 3, 116.882804230452
13219, 14151, 501540.55316861, 5015.4055316861, 98.3944164466484, 4, 139.160038268566
16274, 15257, 621739.531141765, 6217.39531141765, 98.314412312694, 5, 131.581988173127
19220, 16081, 738081.986039709, 7380.81986039709, 98.7804192164913, 6, 190.011683527529
19738, 16187, 758606.109004609, 7586.06109004609, 99.1168122098225, 7, 256.46397708416
22425, 16900, 864796.243609849, 8647.96243609849, 98.7020116662989, 8, 186.61174521029
22943, 17072, 885210.927205902, 8852.10927205902, 98.6100165757525, 9, 154.438789218366
23476, 17207, 906283.930923156, 9062.83930923156, 98.6360188417511, 10, 163.850641430616
0, 0, 0, 0, 0, 0, 0
0, 0, 0, 0, 0, 0, 0
3304, 7019, 117777.800399002, 1177.77800399002, 92.1516107811779, 1, 21.1776046416536
7119, 11166, 262473.021624144, 2624.73021624144, 95.9448151583224, 2, 54.9246918964386
7774, 11680, 287693.505875558, 2876.93505875558, 96.2532166589053, 3, 55.2108289408684
11550, 13860, 434668.007030085, 4346.68007030085, 97.7652116467434, 4, 121.635726849064
18032, 16481, 689215.242103864, 6892.15242103864, 98.7956140374763, 5, 151.647934379578
18578, 16632, 710788.88478459, 7107.8888478459, 98.8552110568808, 6, 189.134654438496
19127, 16774, 732512.808229718, 7325.12808229718, 98.8060151900727, 7, 201.202164659351
19660, 16965, 753481.090753276, 7534.81090753276, 98.3576121271408, 8, 179.81265214324
33004, 19974, 1281883.64620034, 12818.8364620034, 99.3040169637279, 9, 265.161011382937
33521, 20068, 1302381.60996252, 13023.8160996252, 99.1664173190293, 10, 259.036661299467
0, 0, 0, 0, 0, 0, 0
3591, 7387, 128928.658416908, 1289.28658416908, 92.1492151765153, 1, 24.4624035500735
8073, 11810, 299892.725545656, 2998.92725545656, 96.7516104950755, 2, 67.9583091291785
12709, 14320, 480803.430648755, 4808.03430648755, 98.1328115234155, 3, 112.351288975477
14995, 15120, 570800.32269885, 5708.0032269885, 98.4120181202888, 4, 135.872260603905
18574, 16342, 711773.464189131, 7117.73464189131, 99.1168126144639, 5, 172.599098944813
22873, 17585, 881541.327610552, 8815.41327610552, 98.9660187656064, 6, 179.38368997097
23392, 17683, 902121.650677409, 9021.21650677409, 99.3056144557886, 7, 243.869825836979
27966, 18544, 1083558.44060986, 10835.5844060986, 99.290415064992, 8, 334.794640101194
28499, 18630, 1104722.96431397, 11047.2296431397, 99.1140160628038, 9, 342.735630062222
29018, 18712, 1125342.48690045, 11253.4248690045, 99.4008142219482, 10, 349.012013177872
0, 0, 0, 0, 0, 0, 0
0, 0, 0, 0, 0, 0, 0
4551, 8833, 164202.106239405, 1642.02106239405, 93.8420148326829, 1, 28.9887999093905
7353, 11396, 271364.603393145, 2713.64603393145, 96.4104130284486, 2, 56.140352203846
11424, 13910, 429615.746249046, 4296.15746249046, 97.4572132408621, 3, 96.0682199716568
15591, 15458, 593479.051190753, 5934.79051190753, 98.6788114904239, 4, 185.581485311985
18374, 16426, 703073.668171816, 7030.73668171816, 98.8180181830376, 5, 177.059789450169
25465, 18355, 983256.787416186, 9832.56787416186, 98.8856117842352, 6, 220.756335090697
29746, 19693, 1152090.97306309, 11520.9097306309, 98.5812134413791, 7, 174.407585573494
33551, 20677, 1302566.55426741, 13025.6655426741, 99.1252085017404, 8, 232.983304712176
34076, 20779, 1323392.03708396, 13233.9203708396, 99.2192112479352, 9, 257.035693840981
40801, 22062, 1590076.71829426, 15900.7671829426, 99.1684202308588, 10, 261.842220229208
0, 0, 0, 0, 0, 0, 0
0, 0, 0, 0, 0, 0, 0
4597, 8867, 166046.728829496, 1660.46728829496, 94.014014998153, 1, 29.3004145373777
7332, 11216, 271004.864689853, 2710.04864689853, 97.5580163966865, 2, 76.5223070834577
10733, 13399, 403043.725423746, 4030.43725423746, 97.5472081058847, 3, 94.6069824513048
15346, 15342, 584006.831745733, 5840.06831745733, 98.4292170001199, 4, 140.214142452776
15894, 15499, 605635.075428702, 6056.35075428702, 98.5996149868515, 5, 178.163663170338
16435, 15641, 627018.797908153, 6270.18797908153, 98.7124094777182, 6, 187.967293198034
16969, 15770, 648133.120615922, 6481.33120615922, 98.9504115049913, 7, 206.150116468072
23862, 17665, 920456.679155491, 9204.56679155491, 99.3532130812491, 8, 288.321704384685
24397, 17777, 941655.402257226, 9416.55402257226, 98.9440178340301, 9, 294.913448616266
24923, 17920, 962431.12508874, 9624.3112508874, 99.0020106806605, 10, 244.610420978069
0, 0, 0, 0, 0, 0, 0
3865, 7766, 139108.703006249, 1391.08703006249, 92.8288203375785, 1, 23.872411448732
7042, 11150, 259738.601817787, 2597.38601817787, 96.195212054588, 2, 56.8259477422386
9917, 12900, 371466.619054344, 3714.66619054344, 97.8588130345192, 3, 110.423265612461
16689, 15659, 637399.259416968, 6373.99259416968, 98.4936087412016, 4, 148.175645344704
18440, 16233, 706394.187732991, 7063.94187732991, 98.8192090893908, 5, 164.099766488075
18970, 16342, 727384.989898607, 7273.84989898607, 99.0188094198711, 6, 204.919000196233
27508, 18788, 1064509.99801337, 10645.0999801337, 99.0760166019572, 7, 238.248367972374
40717, 21530, 1588008.07589036, 15880.0807589036, 99.4520095239222, 8, 385.029883953482
41237, 21588, 1608706.59822006, 16087.0659822006, 99.428409902006, 9, 394.713475148678
42323, 21762, 1651849.60356486, 16518.4960356486, 99.4344121762369, 10, 406.492496551424
0, 0, 0, 0, 0, 0, 0
0, 0, 0, 0, 0, 0, 0
3053, 6454, 108916.592379324, 1089.16592379324, 92.4332146545498, 1, 20.0616033066064
5856, 9986, 214174.930715304, 2141.74930715304, 95.2280130510032, 2, 42.1627779269963
12074, 13895, 455585.082898736, 4555.85082898736, 98.0580143015832, 3, 121.037604168952
13260, 14543, 501852.930503361, 5018.52930503361, 97.9688142353671, 4, 105.190754536986
18989, 16502, 727380.401216567, 7273.80401216567, 98.6528100841488, 5, 169.080311139226
19513, 16616, 748127.803442601, 7481.27803442601, 98.9816100722182, 6, 222.924053249359
20045, 16759, 769144.886064861, 7691.44886064861, 98.695613590181, 7, 190.953336983919
25531, 17936, 986476.075940039, 9864.76075940039, 99.2916104018695, 8, 293.226587564945
26059, 18052, 1007380.63889041, 10073.8063889041, 99.0608130467681, 9, 251.963417268358
48743, 22307, 1907045.23947925, 19070.4523947925, 99.688012453058, 10, 500.48739259243
0, 0, 0, 0, 0, 0, 0
4174, 8121, 150952.823899612, 1509.52823899612, 93.5324146857856, 1, 31.0912194929272
5844, 9863, 214472.753913824, 2144.72753913824, 96.2572160058842, 2, 61.5023252302408
9034, 12022, 338066.011081543, 3380.66011081543, 96.8488113320618, 3, 73.0735633440316
12985, 13666, 493105.673214953, 4931.05673214953, 98.2892151820288, 4, 156.290369482785
13520, 13849, 514173.636464577, 5141.73636464577, 98.2936155202615, 5, 153.059815802574
19294, 15517, 742118.588090058, 7421.18588090058, 99.2324102866651, 6, 256.802971707582
19993, 15743, 769675.352358434, 7696.75352358434, 98.5180175275354, 7, 185.383497920036
31010, 18287, 1205857.85756874, 12058.5785756874, 99.3224172582104, 8, 287.036898789406
36680, 19450, 1430598.76521817, 14305.9876521817, 99.3540129487592, 9, 293.700661838055
39030, 19805, 1523969.5788581, 15239.695788581, 98.99121648658, 10, 288.916453876495
0, 0, 0, 0, 0, 0, 0
0, 0, 0, 0, 0, 0, 0
3388, 7173, 120842.914914012, 1208.42914914012, 92.4860155293718, 1, 22.7820086620748
6652, 10745, 244607.293369338, 2446.07293369338, 95.8764118181916, 2, 47.721584716998
10379, 13155, 389257.752033357, 3892.57752033357, 97.3348169925066, 3, 77.8659061744064
14646, 15164, 556241.494655475, 5562.41494655475, 98.2736128178612, 4, 141.013974455819
21429, 17476, 823452.413880821, 8234.52413880821, 99.0956122108919, 5, 205.102642182447
24065, 18191, 927649.466844596, 9276.49466844596, 98.979617317058, 6, 232.199852983952
33139, 20441, 1286554.71532674, 12865.5471532674, 99.2376149414467, 7, 268.90128472805
33683, 20549, 1308131.67810517, 13081.3167810517, 99.196418374293, 8, 311.273473323435
34200, 20667, 1328608.32114873, 13286.0832114873, 98.9708163428677, 9, 294.364948295206
34714, 20769, 1348992.44420354, 13489.9244420354, 99.1748133489855, 10, 244.349240573049
0, 0, 0, 0, 0, 0, 0
0, 0, 0, 0, 0, 0, 0
3945, 8094, 141363.301580332, 1413.63301580332, 93.0688150370866, 1, 26.1892075169832
8657, 12703, 321070.009675149, 3210.70009675149, 96.9352103618535, 2, 70.6699173273891
12264, 14776, 461502.509842671, 4615.02509842672, 98.2972137468678, 3, 133.546447556317
12813, 15005, 483045.433253523, 4830.45433253523, 98.180814281628, 4, 134.823423337676
17407, 16643, 663817.818624146, 6638.17818624146, 98.8292164359609, 5, 181.030857811272
24550, 18634, 945997.617403176, 9459.97617403176, 98.9328135879714, 6, 216.816344046593
29072, 19726, 1124909.84003336, 11249.0984003336, 99.1756136263157, 7, 235.971557400003
30897, 20037, 1197342.45023246, 11973.4245023246, 99.2908129160478, 8, 304.456784802675
31406, 20136, 1217535.01303536, 12175.3501303536, 99.1724143763258, 9, 307.052863246538
52855, 23790, 2068917.12996881, 20689.1712996881, 99.7080174028888, 10, 392.298321940899
0, 0, 0, 0, 0, 0, 0
3565, 7587, 127497.099038683, 1274.97099038683, 92.3952162659168, 1, 20.6408025813848
5905, 10165, 216148.592624139, 2161.48592624139, 96.4384105321019, 2, 59.5919330438972
11368, 13487, 428515.502271704, 4285.15502271704, 98.1372103652357, 3, 109.404122690186
12702, 13985, 480995.229136806, 4809.95229136806, 98.3716199818255, 4, 145.579751486778
17420, 15887, 666287.2941866, 6662.872941866, 98.2452100837236, 5, 135.872829956189
20442, 16767, 785578.191900071, 7855.78191900071, 98.3564134021844, 6, 174.727528146505
23119, 17439, 891428.044658899, 8914.28044658899, 99.2324081612387, 7, 213.042359126806
29353, 18812, 1138393.35097981, 11383.9335097981, 99.125610072053, 8, 246.362827630043
32361, 19375, 1257704.0075727, 12577.040075727, 99.0180141100664, 9, 293.506602015495
32875, 19459, 1278127.44972247, 12781.2744972247, 99.5220086756726, 10, 367.448807881922
0, 0, 0, 0, 0, 0, 0
3356, 7044, 120284.978953291, 1202.84978953291, 92.5112159722671, 1, 22.6396069798246
7627, 11204, 283199.364042867, 2831.99364042867, 96.3852181506904, 2, 58.4815621393919
9969, 12589, 374321.417578094, 3743.21417578094, 97.6304093415661, 3, 92.7702343565226
10504, 12811, 395331.500550456, 3953.31500550456, 98.3092142346131, 4, 131.246235617995
14908, 14575, 568270.521472353, 5682.70521472353, 98.3564079997323, 5, 136.269772476554
18827, 15779, 722867.7000736, 7228.677000736, 98.8280125077445, 6, 181.772282938957
25759, 17527, 996994.539903481, 9969.9453990348, 99.212408871912, 7, 223.622448446155
26260, 17603, 1016898.14206738, 10168.9814206738, 99.2360145762941, 8, 284.930286915898
26762, 17720, 1036757.6242386, 10367.576242386, 98.9000134478138, 9, 239.229106651545
27272, 17812, 1056988.74722584, 10569.8874722584, 99.2036168221748, 10, 284.122408261299
0, 0, 0, 0, 0, 0, 0
0, 0, 0, 0, 0, 0, 0
6887, 16187, 242155.895463236, 2421.55895463236, 92.1876131872091, 1, 28.2372099003568
15412, 27356, 561535.341557916, 5615.35341557916, 94.9160157272599, 2, 47.0451780162007
37662, 45903, 1416684.79134312, 14166.8479134312, 96.9608136131992, 3, 85.1882204598188
46270, 51404, 1750831.64153999, 17508.3164153999, 99.8680156937626, 4, 480.596423416138
46762, 51416, 1770489.48467381, 17704.8948467381, 99.9120173318333, 5, 618.394904432297
47263, 51435, 1790496.64776384, 17904.9664776384, 99.8680173158282, 6, 719.941341571808
47757, 51456, 1810219.37142221, 18102.1937142221, 99.8460207793105, 7, 816.805510826111
48239, 51485, 1829446.49443085, 18294.4649443085, 99.8544141674429, 8, 877.251190108657
48725, 51497, 1848866.65768537, 18488.6665768537, 99.8272198953855, 9, 866.427224525548
49220, 51524, 1868620.46134614, 18686.2046134614, 99.7580219941192, 10, 914.170816078186
0, 0, 0, 0, 0, 0, 0
3292, 7037, 117661.457703553, 1176.61457703553, 93.151212576963, 1, 26.5720040714741
7086, 11189, 261396.598183986, 2613.96598183986, 96.3328085701542, 2, 58.4403415288031
9230, 12535, 344639.049265735, 3446.39049265735, 97.004813551679, 3, 72.0502795693651
9770, 12794, 365762.091470644, 3657.62091470644, 97.6248122090842, 4, 111.769446453899
15150, 15065, 576818.157010041, 5768.18157010041, 98.4720117114111, 5, 147.01024726592
15672, 15224, 597412.878146302, 5974.12878146302, 98.8116038625312, 6, 171.155802967548
31329, 19243, 1216575.79990764, 12165.7579990764, 98.9964143055677, 7, 299.860991256237
33396, 19592, 1298646.93249473, 12986.4693249473, 99.1640159461658, 8, 284.448994824886
33919, 19685, 1319395.37512739, 13193.9537512739, 99.1444130355485, 9, 315.88079631865
36810, 20086, 1434297.46894622, 14342.9746894622, 99.280014530048, 10, 346.764234263897
0, 0, 0, 0, 0, 0, 0
3884, 7870, 139687.421421994, 1396.87421421994, 93.6132146990672, 1, 27.97401001513
7769, 11925, 287362.285054747, 2873.62285054747, 97.1528155545889, 2, 84.4198763721809
11665, 14113, 439190.427104589, 4391.90427104589, 97.7392109404873, 3, 91.7293787454441
12909, 14713, 487856.433906518, 4878.56433906518, 97.8180109735586, 4, 110.98261373952
17177, 16254, 655689.97932335, 6556.8997932335, 98.5772083449365, 5, 163.482764116228
28434, 19423, 1100291.31909831, 11002.9131909831, 98.7396155011666, 6, 214.510763626099
28938, 19510, 1120297.32185779, 11202.9732185779, 99.2612123967338, 7, 241.279827791452
34222, 20704, 1329525.03336597, 13295.2503336597, 98.9344133713093, 8, 212.93048015628
37298, 21238, 1451615.1667935, 14516.151667935, 99.428010784537, 9, 395.879607686996
37828, 21304, 1472697.48825445, 14726.9748825445, 99.5600066408515, 10, 403.139737701416
0, 0, 0, 0, 0, 0, 0
0, 0, 0, 0, 0, 0, 0
3454, 7253, 123475.673545975, 1234.75673545975, 92.0964187351613, 1, 22.1604129694402
5678, 10000, 207145.285261765, 2071.45285261765, 94.8640101852268, 2, 44.8443624508008
11295, 13915, 424557.677791413, 4245.57677791413, 98.3976105090223, 3, 126.301285991073
12626, 14536, 476687.524591677, 4766.87524591677, 97.884811320715, 4, 112.667968191504
17227, 16141, 657859.750123017, 6578.59750123017, 98.3744147751477, 5, 137.122535167336
26502, 18843, 1024041.20644674, 10240.4120644674, 98.9188137945166, 6, 214.023476734757
27030, 18940, 1044995.37029232, 10449.9537029232, 99.2076185096794, 7, 250.824470162392
29109, 19378, 1127377.22213198, 11273.7722213198, 99.0536144644393, 8, 257.099007382393
33876, 20520, 1315983.00641958, 13159.8300641958, 98.9604144963996, 9, 259.033751482964
45618, 22621, 1781839.27558061, 17818.3927558061, 99.3220113933457, 10, 382.572422293425
0, 0, 0, 0, 0, 0, 0
3527, 7398, 126248.258341506, 1262.48258341506, 92.5388143606856, 1, 26.8224027415738
4998, 9179, 181713.506476585, 1817.13506476585, 95.166016971916, 2, 41.1079771317542
10475, 12808, 394052.09711149, 3940.5209711149, 97.8636106987669, 3, 95.544619984366
11991, 13392, 453611.146641996, 4536.11146641996, 98.2824099232257, 4, 134.520033938289
18275, 15716, 700800.340374574, 7008.00340374574, 98.4084133683882, 5, 131.817448836826
21078, 16609, 811325.67557304, 8113.2567557304, 98.6648078000544, 6, 173.082903374657
30860, 18849, 1198631.69208422, 11986.3169208422, 99.3840114715695, 7, 308.165785415173
31851, 19028, 1237944.21687964, 12379.4421687964, 98.9292089270057, 8, 280.730082865059
41143, 20605, 1606788.99257094, 16067.8899257094, 99.6740181802579, 9, 420.647895722389
41646, 20663, 1626798.59615209, 16267.9859615209, 99.4232192159816, 10, 387.81309650898
0, 0, 0, 0, 0, 0, 0
0, 0, 0, 0, 0, 0, 0
3885, 7895, 139327.143004999, 1393.27143004999, 93.4804187719897, 1, 33.5592078894749
7869, 12031, 290860.806954693, 2908.60806954693, 96.4752125695723, 2, 63.5431419305503
9800, 13336, 365675.258630738, 3656.75258630738, 96.8124153844642, 3, 77.2167836815119
13989, 15457, 529360.843239658, 5293.60843239658, 98.4956158157074, 4, 121.290332647562
17738, 16735, 677032.344059236, 6770.32344059236, 98.4264195507394, 5, 164.983094307482
23774, 18735, 914871.415396746, 9148.71415396746, 98.5304148311552, 6, 163.160731672049
24309, 18890, 936009.298256762, 9360.09298256762, 98.7756182280555, 7, 168.317722246423
24848, 19012, 957361.941173378, 9573.61941173378, 99.2056141584744, 8, 225.207871818542
48875, 23911, 1909630.43323984, 19096.3043323984, 99.2820146481317, 9, 326.130077204704
49408, 24007, 1930778.91668791, 19307.7891668791, 99.2148210823543, 10, 324.398629784584
0, 0, 0, 0, 0, 0, 0
2718, 6155, 96425.7727625966, 964.257727625966, 90.8396154094115, 1, 16.6604042362049
6783, 10720, 250138.316318803, 2501.38316318803, 96.4880118082092, 2, 53.4479584790021
8929, 12073, 333494.248687558, 3334.94248687558, 96.7452141584827, 3, 66.1467187320814
12622, 13862, 478000.90595603, 4780.0090595603, 97.7908090100063, 4, 110.710228224993
19674, 16396, 755543.305684462, 7555.43305684462, 98.9900123682246, 5, 174.628397076726
22813, 17154, 879767.443371709, 8797.67443371709, 99.0060092302792, 6, 233.114912597276
27731, 18092, 1074786.70869898, 10747.8670869898, 99.2996124178553, 7, 354.055615398288
28242, 18178, 1095066.27120206, 10950.6627120206, 99.0928124412894, 8, 303.881008787155
28775, 18295, 1116175.15385062, 11161.7515385062, 98.818014327624, 9, 264.895264495611
29287, 18432, 1136398.31693377, 11363.9831693377, 98.6632142420858, 10, 242.746699160934
0, 0, 0, 0, 0, 0, 0
4435, 8847, 159902.225387413, 1599.02225387413, 94.1568172556533, 1, 30.5480141562223
7562, 11610, 279702.443222295, 2797.02443222296, 96.3868119002136, 2, 56.5774966319278
11122, 13580, 418527.061274383, 4185.27061274383, 98.221211752556, 3, 133.878369178176
14626, 14919, 556206.281161767, 5562.06281161766, 98.6312189253422, 4, 166.9414264182
16780, 15635, 641094.052247059, 6410.94052247059, 98.5324106826265, 5, 162.321059920788
17303, 15750, 661805.614906363, 6618.05614906363, 98.8336130576208, 6, 208.655802087784
17835, 15880, 682842.618340213, 6828.42618340213, 98.9596146282547, 7, 226.730187277794
24599, 17518, 950414.454592586, 9504.14454592586, 99.3044165115789, 8, 278.005411391258
25116, 17582, 970973.697478853, 9709.73697478853, 99.3792154216771, 9, 344.613792213798
34042, 19117, 1325246.66602532, 13252.4666602532, 99.3720170199886, 10, 381.764556298256
0, 0, 0, 0, 0, 0, 0
4536, 8741, 163688.743839949, 1636.88743839949, 94.0996132802218, 1, 34.117600171119
8275, 12025, 307054.566952676, 3070.54566952676, 96.9932204401121, 2, 67.8158844676986
12640, 14339, 477408.390829794, 4774.08390829794, 98.2668146273872, 3, 137.642688436471
14169, 15054, 537257.598046079, 5372.57598046079, 98.1604121841119, 4, 118.759610945284
20409, 17159, 783005.834027451, 7830.05834027451, 99.2100090538706, 5, 222.296541512012
20961, 17310, 804801.237057433, 8048.01237057433, 98.5600165015831, 6, 178.523712529987
26000, 18508, 1004175.62389298, 10041.7562389298, 98.8716123080267, 7, 231.014782803506
26525, 18640, 1024917.8667287, 10249.178667287, 98.8780130774903, 8, 233.209819846153
38664, 20865, 1506398.72882644, 15063.9872882644, 99.6700159128759, 9, 376.829405899048
42654, 21463, 1664914.34769172, 16649.1434769172, 99.4524068290011, 10, 408.30297770977
0, 0, 0, 0, 0, 0, 0
3131, 6575, 112261.376578953, 1122.61376578953, 93.2592152079567, 1, 27.2824040896446
6946, 10770, 256788.279377744, 2567.88279377744, 96.6956118069215, 2, 69.2055468708277
10753, 13265, 404402.463659, 4044.02463659, 97.9852148722857, 3, 102.981885741651
14482, 14863, 550665.805118345, 5506.65805118345, 98.0104147733373, 4, 116.990295280516
17636, 15949, 674824.019712184, 6748.24019712184, 98.9872075235471, 5, 195.535462827384
20256, 16587, 778494.993309278, 7784.94993309278, 99.0260131219029, 6, 232.743273611069
20774, 16703, 799010.397454724, 7990.10397454724, 99.0980192198977, 7, 259.628582074642
21302, 16800, 819960.440363955, 8199.60440363955, 99.2028135839109, 8, 260.769767827988
28693, 18323, 1112879.63808444, 11128.7963808444, 99.298415086454, 9, 335.33180547405
29193, 18447, 1132675.76048389, 11326.7576048389, 98.9340106719355, 10, 236.444938111827
0, 0, 0, 0, 0, 0, 0
3434, 7160, 123081.897841219, 1230.81897841219, 93.1484147721158, 1, 25.7196182423457
7126, 11082, 263220.962610424, 2632.20962610424, 96.1528185299785, 2, 56.9043542108312
11924, 13753, 450215.429786656, 4502.15429786656, 97.8548136728259, 3, 104.644457714893
14613, 14847, 555756.005230367, 5557.56005230367, 98.2944129292664, 4, 119.322657787986
15143, 15019, 576645.047870193, 5766.45047870193, 98.6696142925693, 5, 165.012626595497
19796, 16406, 760201.19359351, 7602.01193593509, 98.9100156102331, 6, 204.226106922999
31614, 19176, 1227977.13347414, 12279.7713347414, 99.1648113922765, 7, 251.819089802355
32122, 19256, 1248142.69580221, 12481.4269580221, 99.0760120291634, 8, 264.730741846561
32646, 19314, 1268995.93792325, 12689.9593792325, 99.3540097708246, 9, 317.016431986392
33170, 19396, 1289821.42060399, 12898.2142060399, 99.6036160081621, 10, 363.669457447529
0, 0, 0, 0, 0, 0, 0
4227, 8089, 153092.102388091, 1530.92102388091, 94.0752131536603, 1, 29.6576149889454
5736, 9587, 210617.991174407, 2106.17991174407, 95.4436117624493, 2, 44.8563850254565
8929, 11998, 333814.849845249, 3338.14849845249, 97.4720136629421, 3, 91.3278634524345
13098, 13986, 496934.030622121, 4969.34030622121, 98.4316244107113, 4, 146.543645662665
16057, 14969, 613492.089213934, 6134.92089213934, 98.6296127089863, 5, 156.845875675678
16607, 15160, 635135.731640358, 6351.35731640358, 98.26241384685, 6, 145.930464167371
23558, 16961, 909909.645765927, 9099.09645765927, 98.8756148661669, 7, 228.251862528324
24068, 17070, 930130.768742841, 9301.30768742841, 99.2588118923086, 8, 243.528605592251
27477, 17676, 1065421.58681747, 10654.2158681747, 99.2488122398026, 9, 332.62534900941
28208, 17780, 1094483.59049037, 10944.8359049037, 99.5736119864141, 10, 319.457072819807
0, 0, 0, 0, 0, 0, 0
0, 0, 0, 0, 0, 0, 0
3609, 7227, 129666.604231376, 1296.66604231376, 92.8880173475295, 1, 28.3304073198885
8133, 11465, 302522.991391979, 3025.22991391979, 97.3272096480432, 2, 80.2774480677769
11320, 13319, 426590.091559429, 4265.90091559429, 97.7580163591356, 3, 92.315853190124
16547, 15654, 631425.283698443, 6314.25283698443, 98.2632135188951, 4, 138.454645516276
17724, 16086, 677730.369808365, 6777.30369808365, 97.7700108202916, 5, 96.5800346571207
21300, 17151, 818853.311315082, 8188.53311315082, 98.6140165045481, 6, 206.17689068079
21855, 17268, 840838.874043576, 8408.38874043576, 99.191211318448, 7, 240.482002102137
27088, 18483, 1047943.14549939, 10479.4314549939, 98.9192168906702, 8, 233.541230502129
49738, 23576, 1944847.08049135, 19448.4708049135, 99.2700156644351, 9, 340.05977042675
53105, 24212, 2078409.09898349, 20784.0909898349, 99.1616187008476, 10, 302.386363940239
